0000000000000000 0 0 0 xxxxxxxxxxxxxxxx
0000000000000000 0 0 0 xxxxxxxxxxxxxxxx
0000000000000000 0 0 1 xxxxxxxxxxxxxxxx
0000000000000000 0 0 1 xxxxxxxxxxxxxxxx
1000001010000101 0 0 1 xxxxxxxxxxxxxxxx
1000001010000101 0 0 1 xxxxxxxxxxxxxxxx
1000001010000101 0 1 1 xxxxxxxxxxxxxxxx
1000001010000101 0 1 1 1000001010000101
1000001010000101 0 0 1 1000001010000101
1000001010000101 0 0 1 1000001010000110
1000001010000101 0 0 1 1000001010000111
1000001010000101 0 0 1 1000001010001000
0011000000111001 0 1 0 1000001010001001
0011000000111001 0 1 0 0011000000111001
0011000000111001 1 1 0 0011000000111001
0011000000111001 1 1 0 0000000000000000
0011000000111001 0 1 1 0000000000000000
0011000000111001 0 1 1 0011000000111001
0011000000111001 1 1 1 0011000000111001
0011000000111001 1 1 1 0000000000000000
0011000000111001 0 0 1 0000000000000000
0011000000111001 0 0 1 0000000000000001
0011000000111001 1 0 1 0000000000000010
0011000000111001 1 0 1 0000000000000000
0000000000000000 0 1 1 0000000000000000
0000000000000000 0 1 1 0000000000000000
0000000000000000 0 0 1 0000000000000000
0000000000000000 0 0 1 0000000000000001
0101011011001110 1 0 0 0000000000000010
0101011011001110 1 0 0 0000000000000000
