0000000000000000 0 000000000 xxxxxxxxxxxxxxxx
0000000000000000 1 000000000 xxxxxxxxxxxxxxxx
0000000000000000 0 000000000 0000000000000000
0000000000000001 0 000000001 xxxxxxxxxxxxxxxx
0000000000000001 1 000000001 xxxxxxxxxxxxxxxx
0000000000000001 0 000000001 0000000000000001
0000000000000010 0 000000010 xxxxxxxxxxxxxxxx
0000000000000010 1 000000010 xxxxxxxxxxxxxxxx
0000000000000010 0 000000010 0000000000000010
0000000000000011 0 000000011 xxxxxxxxxxxxxxxx
0000000000000011 1 000000011 xxxxxxxxxxxxxxxx
0000000000000011 0 000000011 0000000000000011
0000000000000100 0 000000100 xxxxxxxxxxxxxxxx
0000000000000100 1 000000100 xxxxxxxxxxxxxxxx
0000000000000100 0 000000100 0000000000000100
0000000000000101 0 000000101 xxxxxxxxxxxxxxxx
0000000000000101 1 000000101 xxxxxxxxxxxxxxxx
0000000000000101 0 000000101 0000000000000101
0000000000000110 0 000000110 xxxxxxxxxxxxxxxx
0000000000000110 1 000000110 xxxxxxxxxxxxxxxx
0000000000000110 0 000000110 0000000000000110
0000000000000111 0 000000111 xxxxxxxxxxxxxxxx
0000000000000111 1 000000111 xxxxxxxxxxxxxxxx
0000000000000111 0 000000111 0000000000000111
0000000000001000 0 000001000 xxxxxxxxxxxxxxxx
0000000000001000 1 000001000 xxxxxxxxxxxxxxxx
0000000000001000 0 000001000 0000000000001000
0000000000001001 0 000001001 xxxxxxxxxxxxxxxx
0000000000001001 1 000001001 xxxxxxxxxxxxxxxx
0000000000001001 0 000001001 0000000000001001
0000000000001010 0 000001010 xxxxxxxxxxxxxxxx
0000000000001010 1 000001010 xxxxxxxxxxxxxxxx
0000000000001010 0 000001010 0000000000001010
0000000000001011 0 000001011 xxxxxxxxxxxxxxxx
0000000000001011 1 000001011 xxxxxxxxxxxxxxxx
0000000000001011 0 000001011 0000000000001011
0000000000001100 0 000001100 xxxxxxxxxxxxxxxx
0000000000001100 1 000001100 xxxxxxxxxxxxxxxx
0000000000001100 0 000001100 0000000000001100
0000000000001101 0 000001101 xxxxxxxxxxxxxxxx
0000000000001101 1 000001101 xxxxxxxxxxxxxxxx
0000000000001101 0 000001101 0000000000001101
0000000000001110 0 000001110 xxxxxxxxxxxxxxxx
0000000000001110 1 000001110 xxxxxxxxxxxxxxxx
0000000000001110 0 000001110 0000000000001110
0000000000001111 0 000001111 xxxxxxxxxxxxxxxx
0000000000001111 1 000001111 xxxxxxxxxxxxxxxx
0000000000001111 0 000001111 0000000000001111
0000000000010000 0 000010000 xxxxxxxxxxxxxxxx
0000000000010000 1 000010000 xxxxxxxxxxxxxxxx
0000000000010000 0 000010000 0000000000010000
0000000000010001 0 000010001 xxxxxxxxxxxxxxxx
0000000000010001 1 000010001 xxxxxxxxxxxxxxxx
0000000000010001 0 000010001 0000000000010001
0000000000010010 0 000010010 xxxxxxxxxxxxxxxx
0000000000010010 1 000010010 xxxxxxxxxxxxxxxx
0000000000010010 0 000010010 0000000000010010
0000000000010011 0 000010011 xxxxxxxxxxxxxxxx
0000000000010011 1 000010011 xxxxxxxxxxxxxxxx
0000000000010011 0 000010011 0000000000010011
0000000000010100 0 000010100 xxxxxxxxxxxxxxxx
0000000000010100 1 000010100 xxxxxxxxxxxxxxxx
0000000000010100 0 000010100 0000000000010100
0000000000010101 0 000010101 xxxxxxxxxxxxxxxx
0000000000010101 1 000010101 xxxxxxxxxxxxxxxx
0000000000010101 0 000010101 0000000000010101
0000000000010110 0 000010110 xxxxxxxxxxxxxxxx
0000000000010110 1 000010110 xxxxxxxxxxxxxxxx
0000000000010110 0 000010110 0000000000010110
0000000000010111 0 000010111 xxxxxxxxxxxxxxxx
0000000000010111 1 000010111 xxxxxxxxxxxxxxxx
0000000000010111 0 000010111 0000000000010111
0000000000011000 0 000011000 xxxxxxxxxxxxxxxx
0000000000011000 1 000011000 xxxxxxxxxxxxxxxx
0000000000011000 0 000011000 0000000000011000
0000000000011001 0 000011001 xxxxxxxxxxxxxxxx
0000000000011001 1 000011001 xxxxxxxxxxxxxxxx
0000000000011001 0 000011001 0000000000011001
0000000000011010 0 000011010 xxxxxxxxxxxxxxxx
0000000000011010 1 000011010 xxxxxxxxxxxxxxxx
0000000000011010 0 000011010 0000000000011010
0000000000011011 0 000011011 xxxxxxxxxxxxxxxx
0000000000011011 1 000011011 xxxxxxxxxxxxxxxx
0000000000011011 0 000011011 0000000000011011
0000000000011100 0 000011100 xxxxxxxxxxxxxxxx
0000000000011100 1 000011100 xxxxxxxxxxxxxxxx
0000000000011100 0 000011100 0000000000011100
0000000000011101 0 000011101 xxxxxxxxxxxxxxxx
0000000000011101 1 000011101 xxxxxxxxxxxxxxxx
0000000000011101 0 000011101 0000000000011101
0000000000011110 0 000011110 xxxxxxxxxxxxxxxx
0000000000011110 1 000011110 xxxxxxxxxxxxxxxx
0000000000011110 0 000011110 0000000000011110
0000000000011111 0 000011111 xxxxxxxxxxxxxxxx
0000000000011111 1 000011111 xxxxxxxxxxxxxxxx
0000000000011111 0 000011111 0000000000011111
0000000000100000 0 000100000 xxxxxxxxxxxxxxxx
0000000000100000 1 000100000 xxxxxxxxxxxxxxxx
0000000000100000 0 000100000 0000000000100000
0000000000100001 0 000100001 xxxxxxxxxxxxxxxx
0000000000100001 1 000100001 xxxxxxxxxxxxxxxx
0000000000100001 0 000100001 0000000000100001
0000000000100010 0 000100010 xxxxxxxxxxxxxxxx
0000000000100010 1 000100010 xxxxxxxxxxxxxxxx
0000000000100010 0 000100010 0000000000100010
0000000000100011 0 000100011 xxxxxxxxxxxxxxxx
0000000000100011 1 000100011 xxxxxxxxxxxxxxxx
0000000000100011 0 000100011 0000000000100011
0000000000100100 0 000100100 xxxxxxxxxxxxxxxx
0000000000100100 1 000100100 xxxxxxxxxxxxxxxx
0000000000100100 0 000100100 0000000000100100
0000000000100101 0 000100101 xxxxxxxxxxxxxxxx
0000000000100101 1 000100101 xxxxxxxxxxxxxxxx
0000000000100101 0 000100101 0000000000100101
0000000000100110 0 000100110 xxxxxxxxxxxxxxxx
0000000000100110 1 000100110 xxxxxxxxxxxxxxxx
0000000000100110 0 000100110 0000000000100110
0000000000100111 0 000100111 xxxxxxxxxxxxxxxx
0000000000100111 1 000100111 xxxxxxxxxxxxxxxx
0000000000100111 0 000100111 0000000000100111
0000000000101000 0 000101000 xxxxxxxxxxxxxxxx
0000000000101000 1 000101000 xxxxxxxxxxxxxxxx
0000000000101000 0 000101000 0000000000101000
0000000000101001 0 000101001 xxxxxxxxxxxxxxxx
0000000000101001 1 000101001 xxxxxxxxxxxxxxxx
0000000000101001 0 000101001 0000000000101001
0000000000101010 0 000101010 xxxxxxxxxxxxxxxx
0000000000101010 1 000101010 xxxxxxxxxxxxxxxx
0000000000101010 0 000101010 0000000000101010
0000000000101011 0 000101011 xxxxxxxxxxxxxxxx
0000000000101011 1 000101011 xxxxxxxxxxxxxxxx
0000000000101011 0 000101011 0000000000101011
0000000000101100 0 000101100 xxxxxxxxxxxxxxxx
0000000000101100 1 000101100 xxxxxxxxxxxxxxxx
0000000000101100 0 000101100 0000000000101100
0000000000101101 0 000101101 xxxxxxxxxxxxxxxx
0000000000101101 1 000101101 xxxxxxxxxxxxxxxx
0000000000101101 0 000101101 0000000000101101
0000000000101110 0 000101110 xxxxxxxxxxxxxxxx
0000000000101110 1 000101110 xxxxxxxxxxxxxxxx
0000000000101110 0 000101110 0000000000101110
0000000000101111 0 000101111 xxxxxxxxxxxxxxxx
0000000000101111 1 000101111 xxxxxxxxxxxxxxxx
0000000000101111 0 000101111 0000000000101111
0000000000110000 0 000110000 xxxxxxxxxxxxxxxx
0000000000110000 1 000110000 xxxxxxxxxxxxxxxx
0000000000110000 0 000110000 0000000000110000
0000000000110001 0 000110001 xxxxxxxxxxxxxxxx
0000000000110001 1 000110001 xxxxxxxxxxxxxxxx
0000000000110001 0 000110001 0000000000110001
0000000000110010 0 000110010 xxxxxxxxxxxxxxxx
0000000000110010 1 000110010 xxxxxxxxxxxxxxxx
0000000000110010 0 000110010 0000000000110010
0000000000110011 0 000110011 xxxxxxxxxxxxxxxx
0000000000110011 1 000110011 xxxxxxxxxxxxxxxx
0000000000110011 0 000110011 0000000000110011
0000000000110100 0 000110100 xxxxxxxxxxxxxxxx
0000000000110100 1 000110100 xxxxxxxxxxxxxxxx
0000000000110100 0 000110100 0000000000110100
0000000000110101 0 000110101 xxxxxxxxxxxxxxxx
0000000000110101 1 000110101 xxxxxxxxxxxxxxxx
0000000000110101 0 000110101 0000000000110101
0000000000110110 0 000110110 xxxxxxxxxxxxxxxx
0000000000110110 1 000110110 xxxxxxxxxxxxxxxx
0000000000110110 0 000110110 0000000000110110
0000000000110111 0 000110111 xxxxxxxxxxxxxxxx
0000000000110111 1 000110111 xxxxxxxxxxxxxxxx
0000000000110111 0 000110111 0000000000110111
0000000000111000 0 000111000 xxxxxxxxxxxxxxxx
0000000000111000 1 000111000 xxxxxxxxxxxxxxxx
0000000000111000 0 000111000 0000000000111000
0000000000111001 0 000111001 xxxxxxxxxxxxxxxx
0000000000111001 1 000111001 xxxxxxxxxxxxxxxx
0000000000111001 0 000111001 0000000000111001
0000000000111010 0 000111010 xxxxxxxxxxxxxxxx
0000000000111010 1 000111010 xxxxxxxxxxxxxxxx
0000000000111010 0 000111010 0000000000111010
0000000000111011 0 000111011 xxxxxxxxxxxxxxxx
0000000000111011 1 000111011 xxxxxxxxxxxxxxxx
0000000000111011 0 000111011 0000000000111011
0000000000111100 0 000111100 xxxxxxxxxxxxxxxx
0000000000111100 1 000111100 xxxxxxxxxxxxxxxx
0000000000111100 0 000111100 0000000000111100
0000000000111101 0 000111101 xxxxxxxxxxxxxxxx
0000000000111101 1 000111101 xxxxxxxxxxxxxxxx
0000000000111101 0 000111101 0000000000111101
0000000000111110 0 000111110 xxxxxxxxxxxxxxxx
0000000000111110 1 000111110 xxxxxxxxxxxxxxxx
0000000000111110 0 000111110 0000000000111110
0000000000111111 0 000111111 xxxxxxxxxxxxxxxx
0000000000111111 1 000111111 xxxxxxxxxxxxxxxx
0000000000111111 0 000111111 0000000000111111
0000000001000000 0 001000000 xxxxxxxxxxxxxxxx
0000000001000000 1 001000000 xxxxxxxxxxxxxxxx
0000000001000000 0 001000000 0000000001000000
0000000001000001 0 001000001 xxxxxxxxxxxxxxxx
0000000001000001 1 001000001 xxxxxxxxxxxxxxxx
0000000001000001 0 001000001 0000000001000001
0000000001000010 0 001000010 xxxxxxxxxxxxxxxx
0000000001000010 1 001000010 xxxxxxxxxxxxxxxx
0000000001000010 0 001000010 0000000001000010
0000000001000011 0 001000011 xxxxxxxxxxxxxxxx
0000000001000011 1 001000011 xxxxxxxxxxxxxxxx
0000000001000011 0 001000011 0000000001000011
0000000001000100 0 001000100 xxxxxxxxxxxxxxxx
0000000001000100 1 001000100 xxxxxxxxxxxxxxxx
0000000001000100 0 001000100 0000000001000100
0000000001000101 0 001000101 xxxxxxxxxxxxxxxx
0000000001000101 1 001000101 xxxxxxxxxxxxxxxx
0000000001000101 0 001000101 0000000001000101
0000000001000110 0 001000110 xxxxxxxxxxxxxxxx
0000000001000110 1 001000110 xxxxxxxxxxxxxxxx
0000000001000110 0 001000110 0000000001000110
0000000001000111 0 001000111 xxxxxxxxxxxxxxxx
0000000001000111 1 001000111 xxxxxxxxxxxxxxxx
0000000001000111 0 001000111 0000000001000111
0000000001001000 0 001001000 xxxxxxxxxxxxxxxx
0000000001001000 1 001001000 xxxxxxxxxxxxxxxx
0000000001001000 0 001001000 0000000001001000
0000000001001001 0 001001001 xxxxxxxxxxxxxxxx
0000000001001001 1 001001001 xxxxxxxxxxxxxxxx
0000000001001001 0 001001001 0000000001001001
0000000001001010 0 001001010 xxxxxxxxxxxxxxxx
0000000001001010 1 001001010 xxxxxxxxxxxxxxxx
0000000001001010 0 001001010 0000000001001010
0000000001001011 0 001001011 xxxxxxxxxxxxxxxx
0000000001001011 1 001001011 xxxxxxxxxxxxxxxx
0000000001001011 0 001001011 0000000001001011
0000000001001100 0 001001100 xxxxxxxxxxxxxxxx
0000000001001100 1 001001100 xxxxxxxxxxxxxxxx
0000000001001100 0 001001100 0000000001001100
0000000001001101 0 001001101 xxxxxxxxxxxxxxxx
0000000001001101 1 001001101 xxxxxxxxxxxxxxxx
0000000001001101 0 001001101 0000000001001101
0000000001001110 0 001001110 xxxxxxxxxxxxxxxx
0000000001001110 1 001001110 xxxxxxxxxxxxxxxx
0000000001001110 0 001001110 0000000001001110
0000000001001111 0 001001111 xxxxxxxxxxxxxxxx
0000000001001111 1 001001111 xxxxxxxxxxxxxxxx
0000000001001111 0 001001111 0000000001001111
0000000001010000 0 001010000 xxxxxxxxxxxxxxxx
0000000001010000 1 001010000 xxxxxxxxxxxxxxxx
0000000001010000 0 001010000 0000000001010000
0000000001010001 0 001010001 xxxxxxxxxxxxxxxx
0000000001010001 1 001010001 xxxxxxxxxxxxxxxx
0000000001010001 0 001010001 0000000001010001
0000000001010010 0 001010010 xxxxxxxxxxxxxxxx
0000000001010010 1 001010010 xxxxxxxxxxxxxxxx
0000000001010010 0 001010010 0000000001010010
0000000001010011 0 001010011 xxxxxxxxxxxxxxxx
0000000001010011 1 001010011 xxxxxxxxxxxxxxxx
0000000001010011 0 001010011 0000000001010011
0000000001010100 0 001010100 xxxxxxxxxxxxxxxx
0000000001010100 1 001010100 xxxxxxxxxxxxxxxx
0000000001010100 0 001010100 0000000001010100
0000000001010101 0 001010101 xxxxxxxxxxxxxxxx
0000000001010101 1 001010101 xxxxxxxxxxxxxxxx
0000000001010101 0 001010101 0000000001010101
0000000001010110 0 001010110 xxxxxxxxxxxxxxxx
0000000001010110 1 001010110 xxxxxxxxxxxxxxxx
0000000001010110 0 001010110 0000000001010110
0000000001010111 0 001010111 xxxxxxxxxxxxxxxx
0000000001010111 1 001010111 xxxxxxxxxxxxxxxx
0000000001010111 0 001010111 0000000001010111
0000000001011000 0 001011000 xxxxxxxxxxxxxxxx
0000000001011000 1 001011000 xxxxxxxxxxxxxxxx
0000000001011000 0 001011000 0000000001011000
0000000001011001 0 001011001 xxxxxxxxxxxxxxxx
0000000001011001 1 001011001 xxxxxxxxxxxxxxxx
0000000001011001 0 001011001 0000000001011001
0000000001011010 0 001011010 xxxxxxxxxxxxxxxx
0000000001011010 1 001011010 xxxxxxxxxxxxxxxx
0000000001011010 0 001011010 0000000001011010
0000000001011011 0 001011011 xxxxxxxxxxxxxxxx
0000000001011011 1 001011011 xxxxxxxxxxxxxxxx
0000000001011011 0 001011011 0000000001011011
0000000001011100 0 001011100 xxxxxxxxxxxxxxxx
0000000001011100 1 001011100 xxxxxxxxxxxxxxxx
0000000001011100 0 001011100 0000000001011100
0000000001011101 0 001011101 xxxxxxxxxxxxxxxx
0000000001011101 1 001011101 xxxxxxxxxxxxxxxx
0000000001011101 0 001011101 0000000001011101
0000000001011110 0 001011110 xxxxxxxxxxxxxxxx
0000000001011110 1 001011110 xxxxxxxxxxxxxxxx
0000000001011110 0 001011110 0000000001011110
0000000001011111 0 001011111 xxxxxxxxxxxxxxxx
0000000001011111 1 001011111 xxxxxxxxxxxxxxxx
0000000001011111 0 001011111 0000000001011111
0000000001100000 0 001100000 xxxxxxxxxxxxxxxx
0000000001100000 1 001100000 xxxxxxxxxxxxxxxx
0000000001100000 0 001100000 0000000001100000
0000000001100001 0 001100001 xxxxxxxxxxxxxxxx
0000000001100001 1 001100001 xxxxxxxxxxxxxxxx
0000000001100001 0 001100001 0000000001100001
0000000001100010 0 001100010 xxxxxxxxxxxxxxxx
0000000001100010 1 001100010 xxxxxxxxxxxxxxxx
0000000001100010 0 001100010 0000000001100010
0000000001100011 0 001100011 xxxxxxxxxxxxxxxx
0000000001100011 1 001100011 xxxxxxxxxxxxxxxx
0000000001100011 0 001100011 0000000001100011
0000000001100100 0 001100100 xxxxxxxxxxxxxxxx
0000000001100100 1 001100100 xxxxxxxxxxxxxxxx
0000000001100100 0 001100100 0000000001100100
0000000001100101 0 001100101 xxxxxxxxxxxxxxxx
0000000001100101 1 001100101 xxxxxxxxxxxxxxxx
0000000001100101 0 001100101 0000000001100101
0000000001100110 0 001100110 xxxxxxxxxxxxxxxx
0000000001100110 1 001100110 xxxxxxxxxxxxxxxx
0000000001100110 0 001100110 0000000001100110
0000000001100111 0 001100111 xxxxxxxxxxxxxxxx
0000000001100111 1 001100111 xxxxxxxxxxxxxxxx
0000000001100111 0 001100111 0000000001100111
0000000001101000 0 001101000 xxxxxxxxxxxxxxxx
0000000001101000 1 001101000 xxxxxxxxxxxxxxxx
0000000001101000 0 001101000 0000000001101000
0000000001101001 0 001101001 xxxxxxxxxxxxxxxx
0000000001101001 1 001101001 xxxxxxxxxxxxxxxx
0000000001101001 0 001101001 0000000001101001
0000000001101010 0 001101010 xxxxxxxxxxxxxxxx
0000000001101010 1 001101010 xxxxxxxxxxxxxxxx
0000000001101010 0 001101010 0000000001101010
0000000001101011 0 001101011 xxxxxxxxxxxxxxxx
0000000001101011 1 001101011 xxxxxxxxxxxxxxxx
0000000001101011 0 001101011 0000000001101011
0000000001101100 0 001101100 xxxxxxxxxxxxxxxx
0000000001101100 1 001101100 xxxxxxxxxxxxxxxx
0000000001101100 0 001101100 0000000001101100
0000000001101101 0 001101101 xxxxxxxxxxxxxxxx
0000000001101101 1 001101101 xxxxxxxxxxxxxxxx
0000000001101101 0 001101101 0000000001101101
0000000001101110 0 001101110 xxxxxxxxxxxxxxxx
0000000001101110 1 001101110 xxxxxxxxxxxxxxxx
0000000001101110 0 001101110 0000000001101110
0000000001101111 0 001101111 xxxxxxxxxxxxxxxx
0000000001101111 1 001101111 xxxxxxxxxxxxxxxx
0000000001101111 0 001101111 0000000001101111
0000000001110000 0 001110000 xxxxxxxxxxxxxxxx
0000000001110000 1 001110000 xxxxxxxxxxxxxxxx
0000000001110000 0 001110000 0000000001110000
0000000001110001 0 001110001 xxxxxxxxxxxxxxxx
0000000001110001 1 001110001 xxxxxxxxxxxxxxxx
0000000001110001 0 001110001 0000000001110001
0000000001110010 0 001110010 xxxxxxxxxxxxxxxx
0000000001110010 1 001110010 xxxxxxxxxxxxxxxx
0000000001110010 0 001110010 0000000001110010
0000000001110011 0 001110011 xxxxxxxxxxxxxxxx
0000000001110011 1 001110011 xxxxxxxxxxxxxxxx
0000000001110011 0 001110011 0000000001110011
0000000001110100 0 001110100 xxxxxxxxxxxxxxxx
0000000001110100 1 001110100 xxxxxxxxxxxxxxxx
0000000001110100 0 001110100 0000000001110100
0000000001110101 0 001110101 xxxxxxxxxxxxxxxx
0000000001110101 1 001110101 xxxxxxxxxxxxxxxx
0000000001110101 0 001110101 0000000001110101
0000000001110110 0 001110110 xxxxxxxxxxxxxxxx
0000000001110110 1 001110110 xxxxxxxxxxxxxxxx
0000000001110110 0 001110110 0000000001110110
0000000001110111 0 001110111 xxxxxxxxxxxxxxxx
0000000001110111 1 001110111 xxxxxxxxxxxxxxxx
0000000001110111 0 001110111 0000000001110111
0000000001111000 0 001111000 xxxxxxxxxxxxxxxx
0000000001111000 1 001111000 xxxxxxxxxxxxxxxx
0000000001111000 0 001111000 0000000001111000
0000000001111001 0 001111001 xxxxxxxxxxxxxxxx
0000000001111001 1 001111001 xxxxxxxxxxxxxxxx
0000000001111001 0 001111001 0000000001111001
0000000001111010 0 001111010 xxxxxxxxxxxxxxxx
0000000001111010 1 001111010 xxxxxxxxxxxxxxxx
0000000001111010 0 001111010 0000000001111010
0000000001111011 0 001111011 xxxxxxxxxxxxxxxx
0000000001111011 1 001111011 xxxxxxxxxxxxxxxx
0000000001111011 0 001111011 0000000001111011
0000000001111100 0 001111100 xxxxxxxxxxxxxxxx
0000000001111100 1 001111100 xxxxxxxxxxxxxxxx
0000000001111100 0 001111100 0000000001111100
0000000001111101 0 001111101 xxxxxxxxxxxxxxxx
0000000001111101 1 001111101 xxxxxxxxxxxxxxxx
0000000001111101 0 001111101 0000000001111101
0000000001111110 0 001111110 xxxxxxxxxxxxxxxx
0000000001111110 1 001111110 xxxxxxxxxxxxxxxx
0000000001111110 0 001111110 0000000001111110
0000000001111111 0 001111111 xxxxxxxxxxxxxxxx
0000000001111111 1 001111111 xxxxxxxxxxxxxxxx
0000000001111111 0 001111111 0000000001111111
0000000010000000 0 010000000 xxxxxxxxxxxxxxxx
0000000010000000 1 010000000 xxxxxxxxxxxxxxxx
0000000010000000 0 010000000 0000000010000000
0000000010000001 0 010000001 xxxxxxxxxxxxxxxx
0000000010000001 1 010000001 xxxxxxxxxxxxxxxx
0000000010000001 0 010000001 0000000010000001
0000000010000010 0 010000010 xxxxxxxxxxxxxxxx
0000000010000010 1 010000010 xxxxxxxxxxxxxxxx
0000000010000010 0 010000010 0000000010000010
0000000010000011 0 010000011 xxxxxxxxxxxxxxxx
0000000010000011 1 010000011 xxxxxxxxxxxxxxxx
0000000010000011 0 010000011 0000000010000011
0000000010000100 0 010000100 xxxxxxxxxxxxxxxx
0000000010000100 1 010000100 xxxxxxxxxxxxxxxx
0000000010000100 0 010000100 0000000010000100
0000000010000101 0 010000101 xxxxxxxxxxxxxxxx
0000000010000101 1 010000101 xxxxxxxxxxxxxxxx
0000000010000101 0 010000101 0000000010000101
0000000010000110 0 010000110 xxxxxxxxxxxxxxxx
0000000010000110 1 010000110 xxxxxxxxxxxxxxxx
0000000010000110 0 010000110 0000000010000110
0000000010000111 0 010000111 xxxxxxxxxxxxxxxx
0000000010000111 1 010000111 xxxxxxxxxxxxxxxx
0000000010000111 0 010000111 0000000010000111
0000000010001000 0 010001000 xxxxxxxxxxxxxxxx
0000000010001000 1 010001000 xxxxxxxxxxxxxxxx
0000000010001000 0 010001000 0000000010001000
0000000010001001 0 010001001 xxxxxxxxxxxxxxxx
0000000010001001 1 010001001 xxxxxxxxxxxxxxxx
0000000010001001 0 010001001 0000000010001001
0000000010001010 0 010001010 xxxxxxxxxxxxxxxx
0000000010001010 1 010001010 xxxxxxxxxxxxxxxx
0000000010001010 0 010001010 0000000010001010
0000000010001011 0 010001011 xxxxxxxxxxxxxxxx
0000000010001011 1 010001011 xxxxxxxxxxxxxxxx
0000000010001011 0 010001011 0000000010001011
0000000010001100 0 010001100 xxxxxxxxxxxxxxxx
0000000010001100 1 010001100 xxxxxxxxxxxxxxxx
0000000010001100 0 010001100 0000000010001100
0000000010001101 0 010001101 xxxxxxxxxxxxxxxx
0000000010001101 1 010001101 xxxxxxxxxxxxxxxx
0000000010001101 0 010001101 0000000010001101
0000000010001110 0 010001110 xxxxxxxxxxxxxxxx
0000000010001110 1 010001110 xxxxxxxxxxxxxxxx
0000000010001110 0 010001110 0000000010001110
0000000010001111 0 010001111 xxxxxxxxxxxxxxxx
0000000010001111 1 010001111 xxxxxxxxxxxxxxxx
0000000010001111 0 010001111 0000000010001111
0000000010010000 0 010010000 xxxxxxxxxxxxxxxx
0000000010010000 1 010010000 xxxxxxxxxxxxxxxx
0000000010010000 0 010010000 0000000010010000
0000000010010001 0 010010001 xxxxxxxxxxxxxxxx
0000000010010001 1 010010001 xxxxxxxxxxxxxxxx
0000000010010001 0 010010001 0000000010010001
0000000010010010 0 010010010 xxxxxxxxxxxxxxxx
0000000010010010 1 010010010 xxxxxxxxxxxxxxxx
0000000010010010 0 010010010 0000000010010010
0000000010010011 0 010010011 xxxxxxxxxxxxxxxx
0000000010010011 1 010010011 xxxxxxxxxxxxxxxx
0000000010010011 0 010010011 0000000010010011
0000000010010100 0 010010100 xxxxxxxxxxxxxxxx
0000000010010100 1 010010100 xxxxxxxxxxxxxxxx
0000000010010100 0 010010100 0000000010010100
0000000010010101 0 010010101 xxxxxxxxxxxxxxxx
0000000010010101 1 010010101 xxxxxxxxxxxxxxxx
0000000010010101 0 010010101 0000000010010101
0000000010010110 0 010010110 xxxxxxxxxxxxxxxx
0000000010010110 1 010010110 xxxxxxxxxxxxxxxx
0000000010010110 0 010010110 0000000010010110
0000000010010111 0 010010111 xxxxxxxxxxxxxxxx
0000000010010111 1 010010111 xxxxxxxxxxxxxxxx
0000000010010111 0 010010111 0000000010010111
0000000010011000 0 010011000 xxxxxxxxxxxxxxxx
0000000010011000 1 010011000 xxxxxxxxxxxxxxxx
0000000010011000 0 010011000 0000000010011000
0000000010011001 0 010011001 xxxxxxxxxxxxxxxx
0000000010011001 1 010011001 xxxxxxxxxxxxxxxx
0000000010011001 0 010011001 0000000010011001
0000000010011010 0 010011010 xxxxxxxxxxxxxxxx
0000000010011010 1 010011010 xxxxxxxxxxxxxxxx
0000000010011010 0 010011010 0000000010011010
0000000010011011 0 010011011 xxxxxxxxxxxxxxxx
0000000010011011 1 010011011 xxxxxxxxxxxxxxxx
0000000010011011 0 010011011 0000000010011011
0000000010011100 0 010011100 xxxxxxxxxxxxxxxx
0000000010011100 1 010011100 xxxxxxxxxxxxxxxx
0000000010011100 0 010011100 0000000010011100
0000000010011101 0 010011101 xxxxxxxxxxxxxxxx
0000000010011101 1 010011101 xxxxxxxxxxxxxxxx
0000000010011101 0 010011101 0000000010011101
0000000010011110 0 010011110 xxxxxxxxxxxxxxxx
0000000010011110 1 010011110 xxxxxxxxxxxxxxxx
0000000010011110 0 010011110 0000000010011110
0000000010011111 0 010011111 xxxxxxxxxxxxxxxx
0000000010011111 1 010011111 xxxxxxxxxxxxxxxx
0000000010011111 0 010011111 0000000010011111
0000000010100000 0 010100000 xxxxxxxxxxxxxxxx
0000000010100000 1 010100000 xxxxxxxxxxxxxxxx
0000000010100000 0 010100000 0000000010100000
0000000010100001 0 010100001 xxxxxxxxxxxxxxxx
0000000010100001 1 010100001 xxxxxxxxxxxxxxxx
0000000010100001 0 010100001 0000000010100001
0000000010100010 0 010100010 xxxxxxxxxxxxxxxx
0000000010100010 1 010100010 xxxxxxxxxxxxxxxx
0000000010100010 0 010100010 0000000010100010
0000000010100011 0 010100011 xxxxxxxxxxxxxxxx
0000000010100011 1 010100011 xxxxxxxxxxxxxxxx
0000000010100011 0 010100011 0000000010100011
0000000010100100 0 010100100 xxxxxxxxxxxxxxxx
0000000010100100 1 010100100 xxxxxxxxxxxxxxxx
0000000010100100 0 010100100 0000000010100100
0000000010100101 0 010100101 xxxxxxxxxxxxxxxx
0000000010100101 1 010100101 xxxxxxxxxxxxxxxx
0000000010100101 0 010100101 0000000010100101
0000000010100110 0 010100110 xxxxxxxxxxxxxxxx
0000000010100110 1 010100110 xxxxxxxxxxxxxxxx
0000000010100110 0 010100110 0000000010100110
0000000010100111 0 010100111 xxxxxxxxxxxxxxxx
0000000010100111 1 010100111 xxxxxxxxxxxxxxxx
0000000010100111 0 010100111 0000000010100111
0000000010101000 0 010101000 xxxxxxxxxxxxxxxx
0000000010101000 1 010101000 xxxxxxxxxxxxxxxx
0000000010101000 0 010101000 0000000010101000
0000000010101001 0 010101001 xxxxxxxxxxxxxxxx
0000000010101001 1 010101001 xxxxxxxxxxxxxxxx
0000000010101001 0 010101001 0000000010101001
0000000010101010 0 010101010 xxxxxxxxxxxxxxxx
0000000010101010 1 010101010 xxxxxxxxxxxxxxxx
0000000010101010 0 010101010 0000000010101010
0000000010101011 0 010101011 xxxxxxxxxxxxxxxx
0000000010101011 1 010101011 xxxxxxxxxxxxxxxx
0000000010101011 0 010101011 0000000010101011
0000000010101100 0 010101100 xxxxxxxxxxxxxxxx
0000000010101100 1 010101100 xxxxxxxxxxxxxxxx
0000000010101100 0 010101100 0000000010101100
0000000010101101 0 010101101 xxxxxxxxxxxxxxxx
0000000010101101 1 010101101 xxxxxxxxxxxxxxxx
0000000010101101 0 010101101 0000000010101101
0000000010101110 0 010101110 xxxxxxxxxxxxxxxx
0000000010101110 1 010101110 xxxxxxxxxxxxxxxx
0000000010101110 0 010101110 0000000010101110
0000000010101111 0 010101111 xxxxxxxxxxxxxxxx
0000000010101111 1 010101111 xxxxxxxxxxxxxxxx
0000000010101111 0 010101111 0000000010101111
0000000010110000 0 010110000 xxxxxxxxxxxxxxxx
0000000010110000 1 010110000 xxxxxxxxxxxxxxxx
0000000010110000 0 010110000 0000000010110000
0000000010110001 0 010110001 xxxxxxxxxxxxxxxx
0000000010110001 1 010110001 xxxxxxxxxxxxxxxx
0000000010110001 0 010110001 0000000010110001
0000000010110010 0 010110010 xxxxxxxxxxxxxxxx
0000000010110010 1 010110010 xxxxxxxxxxxxxxxx
0000000010110010 0 010110010 0000000010110010
0000000010110011 0 010110011 xxxxxxxxxxxxxxxx
0000000010110011 1 010110011 xxxxxxxxxxxxxxxx
0000000010110011 0 010110011 0000000010110011
0000000010110100 0 010110100 xxxxxxxxxxxxxxxx
0000000010110100 1 010110100 xxxxxxxxxxxxxxxx
0000000010110100 0 010110100 0000000010110100
0000000010110101 0 010110101 xxxxxxxxxxxxxxxx
0000000010110101 1 010110101 xxxxxxxxxxxxxxxx
0000000010110101 0 010110101 0000000010110101
0000000010110110 0 010110110 xxxxxxxxxxxxxxxx
0000000010110110 1 010110110 xxxxxxxxxxxxxxxx
0000000010110110 0 010110110 0000000010110110
0000000010110111 0 010110111 xxxxxxxxxxxxxxxx
0000000010110111 1 010110111 xxxxxxxxxxxxxxxx
0000000010110111 0 010110111 0000000010110111
0000000010111000 0 010111000 xxxxxxxxxxxxxxxx
0000000010111000 1 010111000 xxxxxxxxxxxxxxxx
0000000010111000 0 010111000 0000000010111000
0000000010111001 0 010111001 xxxxxxxxxxxxxxxx
0000000010111001 1 010111001 xxxxxxxxxxxxxxxx
0000000010111001 0 010111001 0000000010111001
0000000010111010 0 010111010 xxxxxxxxxxxxxxxx
0000000010111010 1 010111010 xxxxxxxxxxxxxxxx
0000000010111010 0 010111010 0000000010111010
0000000010111011 0 010111011 xxxxxxxxxxxxxxxx
0000000010111011 1 010111011 xxxxxxxxxxxxxxxx
0000000010111011 0 010111011 0000000010111011
0000000010111100 0 010111100 xxxxxxxxxxxxxxxx
0000000010111100 1 010111100 xxxxxxxxxxxxxxxx
0000000010111100 0 010111100 0000000010111100
0000000010111101 0 010111101 xxxxxxxxxxxxxxxx
0000000010111101 1 010111101 xxxxxxxxxxxxxxxx
0000000010111101 0 010111101 0000000010111101
0000000010111110 0 010111110 xxxxxxxxxxxxxxxx
0000000010111110 1 010111110 xxxxxxxxxxxxxxxx
0000000010111110 0 010111110 0000000010111110
0000000010111111 0 010111111 xxxxxxxxxxxxxxxx
0000000010111111 1 010111111 xxxxxxxxxxxxxxxx
0000000010111111 0 010111111 0000000010111111
0000000011000000 0 011000000 xxxxxxxxxxxxxxxx
0000000011000000 1 011000000 xxxxxxxxxxxxxxxx
0000000011000000 0 011000000 0000000011000000
0000000011000001 0 011000001 xxxxxxxxxxxxxxxx
0000000011000001 1 011000001 xxxxxxxxxxxxxxxx
0000000011000001 0 011000001 0000000011000001
0000000011000010 0 011000010 xxxxxxxxxxxxxxxx
0000000011000010 1 011000010 xxxxxxxxxxxxxxxx
0000000011000010 0 011000010 0000000011000010
0000000011000011 0 011000011 xxxxxxxxxxxxxxxx
0000000011000011 1 011000011 xxxxxxxxxxxxxxxx
0000000011000011 0 011000011 0000000011000011
0000000011000100 0 011000100 xxxxxxxxxxxxxxxx
0000000011000100 1 011000100 xxxxxxxxxxxxxxxx
0000000011000100 0 011000100 0000000011000100
0000000011000101 0 011000101 xxxxxxxxxxxxxxxx
0000000011000101 1 011000101 xxxxxxxxxxxxxxxx
0000000011000101 0 011000101 0000000011000101
0000000011000110 0 011000110 xxxxxxxxxxxxxxxx
0000000011000110 1 011000110 xxxxxxxxxxxxxxxx
0000000011000110 0 011000110 0000000011000110
0000000011000111 0 011000111 xxxxxxxxxxxxxxxx
0000000011000111 1 011000111 xxxxxxxxxxxxxxxx
0000000011000111 0 011000111 0000000011000111
0000000011001000 0 011001000 xxxxxxxxxxxxxxxx
0000000011001000 1 011001000 xxxxxxxxxxxxxxxx
0000000011001000 0 011001000 0000000011001000
0000000011001001 0 011001001 xxxxxxxxxxxxxxxx
0000000011001001 1 011001001 xxxxxxxxxxxxxxxx
0000000011001001 0 011001001 0000000011001001
0000000011001010 0 011001010 xxxxxxxxxxxxxxxx
0000000011001010 1 011001010 xxxxxxxxxxxxxxxx
0000000011001010 0 011001010 0000000011001010
0000000011001011 0 011001011 xxxxxxxxxxxxxxxx
0000000011001011 1 011001011 xxxxxxxxxxxxxxxx
0000000011001011 0 011001011 0000000011001011
0000000011001100 0 011001100 xxxxxxxxxxxxxxxx
0000000011001100 1 011001100 xxxxxxxxxxxxxxxx
0000000011001100 0 011001100 0000000011001100
0000000011001101 0 011001101 xxxxxxxxxxxxxxxx
0000000011001101 1 011001101 xxxxxxxxxxxxxxxx
0000000011001101 0 011001101 0000000011001101
0000000011001110 0 011001110 xxxxxxxxxxxxxxxx
0000000011001110 1 011001110 xxxxxxxxxxxxxxxx
0000000011001110 0 011001110 0000000011001110
0000000011001111 0 011001111 xxxxxxxxxxxxxxxx
0000000011001111 1 011001111 xxxxxxxxxxxxxxxx
0000000011001111 0 011001111 0000000011001111
0000000011010000 0 011010000 xxxxxxxxxxxxxxxx
0000000011010000 1 011010000 xxxxxxxxxxxxxxxx
0000000011010000 0 011010000 0000000011010000
0000000011010001 0 011010001 xxxxxxxxxxxxxxxx
0000000011010001 1 011010001 xxxxxxxxxxxxxxxx
0000000011010001 0 011010001 0000000011010001
0000000011010010 0 011010010 xxxxxxxxxxxxxxxx
0000000011010010 1 011010010 xxxxxxxxxxxxxxxx
0000000011010010 0 011010010 0000000011010010
0000000011010011 0 011010011 xxxxxxxxxxxxxxxx
0000000011010011 1 011010011 xxxxxxxxxxxxxxxx
0000000011010011 0 011010011 0000000011010011
0000000011010100 0 011010100 xxxxxxxxxxxxxxxx
0000000011010100 1 011010100 xxxxxxxxxxxxxxxx
0000000011010100 0 011010100 0000000011010100
0000000011010101 0 011010101 xxxxxxxxxxxxxxxx
0000000011010101 1 011010101 xxxxxxxxxxxxxxxx
0000000011010101 0 011010101 0000000011010101
0000000011010110 0 011010110 xxxxxxxxxxxxxxxx
0000000011010110 1 011010110 xxxxxxxxxxxxxxxx
0000000011010110 0 011010110 0000000011010110
0000000011010111 0 011010111 xxxxxxxxxxxxxxxx
0000000011010111 1 011010111 xxxxxxxxxxxxxxxx
0000000011010111 0 011010111 0000000011010111
0000000011011000 0 011011000 xxxxxxxxxxxxxxxx
0000000011011000 1 011011000 xxxxxxxxxxxxxxxx
0000000011011000 0 011011000 0000000011011000
0000000011011001 0 011011001 xxxxxxxxxxxxxxxx
0000000011011001 1 011011001 xxxxxxxxxxxxxxxx
0000000011011001 0 011011001 0000000011011001
0000000011011010 0 011011010 xxxxxxxxxxxxxxxx
0000000011011010 1 011011010 xxxxxxxxxxxxxxxx
0000000011011010 0 011011010 0000000011011010
0000000011011011 0 011011011 xxxxxxxxxxxxxxxx
0000000011011011 1 011011011 xxxxxxxxxxxxxxxx
0000000011011011 0 011011011 0000000011011011
0000000011011100 0 011011100 xxxxxxxxxxxxxxxx
0000000011011100 1 011011100 xxxxxxxxxxxxxxxx
0000000011011100 0 011011100 0000000011011100
0000000011011101 0 011011101 xxxxxxxxxxxxxxxx
0000000011011101 1 011011101 xxxxxxxxxxxxxxxx
0000000011011101 0 011011101 0000000011011101
0000000011011110 0 011011110 xxxxxxxxxxxxxxxx
0000000011011110 1 011011110 xxxxxxxxxxxxxxxx
0000000011011110 0 011011110 0000000011011110
0000000011011111 0 011011111 xxxxxxxxxxxxxxxx
0000000011011111 1 011011111 xxxxxxxxxxxxxxxx
0000000011011111 0 011011111 0000000011011111
0000000011100000 0 011100000 xxxxxxxxxxxxxxxx
0000000011100000 1 011100000 xxxxxxxxxxxxxxxx
0000000011100000 0 011100000 0000000011100000
0000000011100001 0 011100001 xxxxxxxxxxxxxxxx
0000000011100001 1 011100001 xxxxxxxxxxxxxxxx
0000000011100001 0 011100001 0000000011100001
0000000011100010 0 011100010 xxxxxxxxxxxxxxxx
0000000011100010 1 011100010 xxxxxxxxxxxxxxxx
0000000011100010 0 011100010 0000000011100010
0000000011100011 0 011100011 xxxxxxxxxxxxxxxx
0000000011100011 1 011100011 xxxxxxxxxxxxxxxx
0000000011100011 0 011100011 0000000011100011
0000000011100100 0 011100100 xxxxxxxxxxxxxxxx
0000000011100100 1 011100100 xxxxxxxxxxxxxxxx
0000000011100100 0 011100100 0000000011100100
0000000011100101 0 011100101 xxxxxxxxxxxxxxxx
0000000011100101 1 011100101 xxxxxxxxxxxxxxxx
0000000011100101 0 011100101 0000000011100101
0000000011100110 0 011100110 xxxxxxxxxxxxxxxx
0000000011100110 1 011100110 xxxxxxxxxxxxxxxx
0000000011100110 0 011100110 0000000011100110
0000000011100111 0 011100111 xxxxxxxxxxxxxxxx
0000000011100111 1 011100111 xxxxxxxxxxxxxxxx
0000000011100111 0 011100111 0000000011100111
0000000011101000 0 011101000 xxxxxxxxxxxxxxxx
0000000011101000 1 011101000 xxxxxxxxxxxxxxxx
0000000011101000 0 011101000 0000000011101000
0000000011101001 0 011101001 xxxxxxxxxxxxxxxx
0000000011101001 1 011101001 xxxxxxxxxxxxxxxx
0000000011101001 0 011101001 0000000011101001
0000000011101010 0 011101010 xxxxxxxxxxxxxxxx
0000000011101010 1 011101010 xxxxxxxxxxxxxxxx
0000000011101010 0 011101010 0000000011101010
0000000011101011 0 011101011 xxxxxxxxxxxxxxxx
0000000011101011 1 011101011 xxxxxxxxxxxxxxxx
0000000011101011 0 011101011 0000000011101011
0000000011101100 0 011101100 xxxxxxxxxxxxxxxx
0000000011101100 1 011101100 xxxxxxxxxxxxxxxx
0000000011101100 0 011101100 0000000011101100
0000000011101101 0 011101101 xxxxxxxxxxxxxxxx
0000000011101101 1 011101101 xxxxxxxxxxxxxxxx
0000000011101101 0 011101101 0000000011101101
0000000011101110 0 011101110 xxxxxxxxxxxxxxxx
0000000011101110 1 011101110 xxxxxxxxxxxxxxxx
0000000011101110 0 011101110 0000000011101110
0000000011101111 0 011101111 xxxxxxxxxxxxxxxx
0000000011101111 1 011101111 xxxxxxxxxxxxxxxx
0000000011101111 0 011101111 0000000011101111
0000000011110000 0 011110000 xxxxxxxxxxxxxxxx
0000000011110000 1 011110000 xxxxxxxxxxxxxxxx
0000000011110000 0 011110000 0000000011110000
0000000011110001 0 011110001 xxxxxxxxxxxxxxxx
0000000011110001 1 011110001 xxxxxxxxxxxxxxxx
0000000011110001 0 011110001 0000000011110001
0000000011110010 0 011110010 xxxxxxxxxxxxxxxx
0000000011110010 1 011110010 xxxxxxxxxxxxxxxx
0000000011110010 0 011110010 0000000011110010
0000000011110011 0 011110011 xxxxxxxxxxxxxxxx
0000000011110011 1 011110011 xxxxxxxxxxxxxxxx
0000000011110011 0 011110011 0000000011110011
0000000011110100 0 011110100 xxxxxxxxxxxxxxxx
0000000011110100 1 011110100 xxxxxxxxxxxxxxxx
0000000011110100 0 011110100 0000000011110100
0000000011110101 0 011110101 xxxxxxxxxxxxxxxx
0000000011110101 1 011110101 xxxxxxxxxxxxxxxx
0000000011110101 0 011110101 0000000011110101
0000000011110110 0 011110110 xxxxxxxxxxxxxxxx
0000000011110110 1 011110110 xxxxxxxxxxxxxxxx
0000000011110110 0 011110110 0000000011110110
0000000011110111 0 011110111 xxxxxxxxxxxxxxxx
0000000011110111 1 011110111 xxxxxxxxxxxxxxxx
0000000011110111 0 011110111 0000000011110111
0000000011111000 0 011111000 xxxxxxxxxxxxxxxx
0000000011111000 1 011111000 xxxxxxxxxxxxxxxx
0000000011111000 0 011111000 0000000011111000
0000000011111001 0 011111001 xxxxxxxxxxxxxxxx
0000000011111001 1 011111001 xxxxxxxxxxxxxxxx
0000000011111001 0 011111001 0000000011111001
0000000011111010 0 011111010 xxxxxxxxxxxxxxxx
0000000011111010 1 011111010 xxxxxxxxxxxxxxxx
0000000011111010 0 011111010 0000000011111010
0000000011111011 0 011111011 xxxxxxxxxxxxxxxx
0000000011111011 1 011111011 xxxxxxxxxxxxxxxx
0000000011111011 0 011111011 0000000011111011
0000000011111100 0 011111100 xxxxxxxxxxxxxxxx
0000000011111100 1 011111100 xxxxxxxxxxxxxxxx
0000000011111100 0 011111100 0000000011111100
0000000011111101 0 011111101 xxxxxxxxxxxxxxxx
0000000011111101 1 011111101 xxxxxxxxxxxxxxxx
0000000011111101 0 011111101 0000000011111101
0000000011111110 0 011111110 xxxxxxxxxxxxxxxx
0000000011111110 1 011111110 xxxxxxxxxxxxxxxx
0000000011111110 0 011111110 0000000011111110
0000000011111111 0 011111111 xxxxxxxxxxxxxxxx
0000000011111111 1 011111111 xxxxxxxxxxxxxxxx
0000000011111111 0 011111111 0000000011111111
0000000100000000 0 100000000 xxxxxxxxxxxxxxxx
0000000100000000 1 100000000 xxxxxxxxxxxxxxxx
0000000100000000 0 100000000 0000000100000000
0000000100000001 0 100000001 xxxxxxxxxxxxxxxx
0000000100000001 1 100000001 xxxxxxxxxxxxxxxx
0000000100000001 0 100000001 0000000100000001
0000000100000010 0 100000010 xxxxxxxxxxxxxxxx
0000000100000010 1 100000010 xxxxxxxxxxxxxxxx
0000000100000010 0 100000010 0000000100000010
0000000100000011 0 100000011 xxxxxxxxxxxxxxxx
0000000100000011 1 100000011 xxxxxxxxxxxxxxxx
0000000100000011 0 100000011 0000000100000011
0000000100000100 0 100000100 xxxxxxxxxxxxxxxx
0000000100000100 1 100000100 xxxxxxxxxxxxxxxx
0000000100000100 0 100000100 0000000100000100
0000000100000101 0 100000101 xxxxxxxxxxxxxxxx
0000000100000101 1 100000101 xxxxxxxxxxxxxxxx
0000000100000101 0 100000101 0000000100000101
0000000100000110 0 100000110 xxxxxxxxxxxxxxxx
0000000100000110 1 100000110 xxxxxxxxxxxxxxxx
0000000100000110 0 100000110 0000000100000110
0000000100000111 0 100000111 xxxxxxxxxxxxxxxx
0000000100000111 1 100000111 xxxxxxxxxxxxxxxx
0000000100000111 0 100000111 0000000100000111
0000000100001000 0 100001000 xxxxxxxxxxxxxxxx
0000000100001000 1 100001000 xxxxxxxxxxxxxxxx
0000000100001000 0 100001000 0000000100001000
0000000100001001 0 100001001 xxxxxxxxxxxxxxxx
0000000100001001 1 100001001 xxxxxxxxxxxxxxxx
0000000100001001 0 100001001 0000000100001001
0000000100001010 0 100001010 xxxxxxxxxxxxxxxx
0000000100001010 1 100001010 xxxxxxxxxxxxxxxx
0000000100001010 0 100001010 0000000100001010
0000000100001011 0 100001011 xxxxxxxxxxxxxxxx
0000000100001011 1 100001011 xxxxxxxxxxxxxxxx
0000000100001011 0 100001011 0000000100001011
0000000100001100 0 100001100 xxxxxxxxxxxxxxxx
0000000100001100 1 100001100 xxxxxxxxxxxxxxxx
0000000100001100 0 100001100 0000000100001100
0000000100001101 0 100001101 xxxxxxxxxxxxxxxx
0000000100001101 1 100001101 xxxxxxxxxxxxxxxx
0000000100001101 0 100001101 0000000100001101
0000000100001110 0 100001110 xxxxxxxxxxxxxxxx
0000000100001110 1 100001110 xxxxxxxxxxxxxxxx
0000000100001110 0 100001110 0000000100001110
0000000100001111 0 100001111 xxxxxxxxxxxxxxxx
0000000100001111 1 100001111 xxxxxxxxxxxxxxxx
0000000100001111 0 100001111 0000000100001111
0000000100010000 0 100010000 xxxxxxxxxxxxxxxx
0000000100010000 1 100010000 xxxxxxxxxxxxxxxx
0000000100010000 0 100010000 0000000100010000
0000000100010001 0 100010001 xxxxxxxxxxxxxxxx
0000000100010001 1 100010001 xxxxxxxxxxxxxxxx
0000000100010001 0 100010001 0000000100010001
0000000100010010 0 100010010 xxxxxxxxxxxxxxxx
0000000100010010 1 100010010 xxxxxxxxxxxxxxxx
0000000100010010 0 100010010 0000000100010010
0000000100010011 0 100010011 xxxxxxxxxxxxxxxx
0000000100010011 1 100010011 xxxxxxxxxxxxxxxx
0000000100010011 0 100010011 0000000100010011
0000000100010100 0 100010100 xxxxxxxxxxxxxxxx
0000000100010100 1 100010100 xxxxxxxxxxxxxxxx
0000000100010100 0 100010100 0000000100010100
0000000100010101 0 100010101 xxxxxxxxxxxxxxxx
0000000100010101 1 100010101 xxxxxxxxxxxxxxxx
0000000100010101 0 100010101 0000000100010101
0000000100010110 0 100010110 xxxxxxxxxxxxxxxx
0000000100010110 1 100010110 xxxxxxxxxxxxxxxx
0000000100010110 0 100010110 0000000100010110
0000000100010111 0 100010111 xxxxxxxxxxxxxxxx
0000000100010111 1 100010111 xxxxxxxxxxxxxxxx
0000000100010111 0 100010111 0000000100010111
0000000100011000 0 100011000 xxxxxxxxxxxxxxxx
0000000100011000 1 100011000 xxxxxxxxxxxxxxxx
0000000100011000 0 100011000 0000000100011000
0000000100011001 0 100011001 xxxxxxxxxxxxxxxx
0000000100011001 1 100011001 xxxxxxxxxxxxxxxx
0000000100011001 0 100011001 0000000100011001
0000000100011010 0 100011010 xxxxxxxxxxxxxxxx
0000000100011010 1 100011010 xxxxxxxxxxxxxxxx
0000000100011010 0 100011010 0000000100011010
0000000100011011 0 100011011 xxxxxxxxxxxxxxxx
0000000100011011 1 100011011 xxxxxxxxxxxxxxxx
0000000100011011 0 100011011 0000000100011011
0000000100011100 0 100011100 xxxxxxxxxxxxxxxx
0000000100011100 1 100011100 xxxxxxxxxxxxxxxx
0000000100011100 0 100011100 0000000100011100
0000000100011101 0 100011101 xxxxxxxxxxxxxxxx
0000000100011101 1 100011101 xxxxxxxxxxxxxxxx
0000000100011101 0 100011101 0000000100011101
0000000100011110 0 100011110 xxxxxxxxxxxxxxxx
0000000100011110 1 100011110 xxxxxxxxxxxxxxxx
0000000100011110 0 100011110 0000000100011110
0000000100011111 0 100011111 xxxxxxxxxxxxxxxx
0000000100011111 1 100011111 xxxxxxxxxxxxxxxx
0000000100011111 0 100011111 0000000100011111
0000000100100000 0 100100000 xxxxxxxxxxxxxxxx
0000000100100000 1 100100000 xxxxxxxxxxxxxxxx
0000000100100000 0 100100000 0000000100100000
0000000100100001 0 100100001 xxxxxxxxxxxxxxxx
0000000100100001 1 100100001 xxxxxxxxxxxxxxxx
0000000100100001 0 100100001 0000000100100001
0000000100100010 0 100100010 xxxxxxxxxxxxxxxx
0000000100100010 1 100100010 xxxxxxxxxxxxxxxx
0000000100100010 0 100100010 0000000100100010
0000000100100011 0 100100011 xxxxxxxxxxxxxxxx
0000000100100011 1 100100011 xxxxxxxxxxxxxxxx
0000000100100011 0 100100011 0000000100100011
0000000100100100 0 100100100 xxxxxxxxxxxxxxxx
0000000100100100 1 100100100 xxxxxxxxxxxxxxxx
0000000100100100 0 100100100 0000000100100100
0000000100100101 0 100100101 xxxxxxxxxxxxxxxx
0000000100100101 1 100100101 xxxxxxxxxxxxxxxx
0000000100100101 0 100100101 0000000100100101
0000000100100110 0 100100110 xxxxxxxxxxxxxxxx
0000000100100110 1 100100110 xxxxxxxxxxxxxxxx
0000000100100110 0 100100110 0000000100100110
0000000100100111 0 100100111 xxxxxxxxxxxxxxxx
0000000100100111 1 100100111 xxxxxxxxxxxxxxxx
0000000100100111 0 100100111 0000000100100111
0000000100101000 0 100101000 xxxxxxxxxxxxxxxx
0000000100101000 1 100101000 xxxxxxxxxxxxxxxx
0000000100101000 0 100101000 0000000100101000
0000000100101001 0 100101001 xxxxxxxxxxxxxxxx
0000000100101001 1 100101001 xxxxxxxxxxxxxxxx
0000000100101001 0 100101001 0000000100101001
0000000100101010 0 100101010 xxxxxxxxxxxxxxxx
0000000100101010 1 100101010 xxxxxxxxxxxxxxxx
0000000100101010 0 100101010 0000000100101010
0000000100101011 0 100101011 xxxxxxxxxxxxxxxx
0000000100101011 1 100101011 xxxxxxxxxxxxxxxx
0000000100101011 0 100101011 0000000100101011
0000000100101100 0 100101100 xxxxxxxxxxxxxxxx
0000000100101100 1 100101100 xxxxxxxxxxxxxxxx
0000000100101100 0 100101100 0000000100101100
0000000100101101 0 100101101 xxxxxxxxxxxxxxxx
0000000100101101 1 100101101 xxxxxxxxxxxxxxxx
0000000100101101 0 100101101 0000000100101101
0000000100101110 0 100101110 xxxxxxxxxxxxxxxx
0000000100101110 1 100101110 xxxxxxxxxxxxxxxx
0000000100101110 0 100101110 0000000100101110
0000000100101111 0 100101111 xxxxxxxxxxxxxxxx
0000000100101111 1 100101111 xxxxxxxxxxxxxxxx
0000000100101111 0 100101111 0000000100101111
0000000100110000 0 100110000 xxxxxxxxxxxxxxxx
0000000100110000 1 100110000 xxxxxxxxxxxxxxxx
0000000100110000 0 100110000 0000000100110000
0000000100110001 0 100110001 xxxxxxxxxxxxxxxx
0000000100110001 1 100110001 xxxxxxxxxxxxxxxx
0000000100110001 0 100110001 0000000100110001
0000000100110010 0 100110010 xxxxxxxxxxxxxxxx
0000000100110010 1 100110010 xxxxxxxxxxxxxxxx
0000000100110010 0 100110010 0000000100110010
0000000100110011 0 100110011 xxxxxxxxxxxxxxxx
0000000100110011 1 100110011 xxxxxxxxxxxxxxxx
0000000100110011 0 100110011 0000000100110011
0000000100110100 0 100110100 xxxxxxxxxxxxxxxx
0000000100110100 1 100110100 xxxxxxxxxxxxxxxx
0000000100110100 0 100110100 0000000100110100
0000000100110101 0 100110101 xxxxxxxxxxxxxxxx
0000000100110101 1 100110101 xxxxxxxxxxxxxxxx
0000000100110101 0 100110101 0000000100110101
0000000100110110 0 100110110 xxxxxxxxxxxxxxxx
0000000100110110 1 100110110 xxxxxxxxxxxxxxxx
0000000100110110 0 100110110 0000000100110110
0000000100110111 0 100110111 xxxxxxxxxxxxxxxx
0000000100110111 1 100110111 xxxxxxxxxxxxxxxx
0000000100110111 0 100110111 0000000100110111
0000000100111000 0 100111000 xxxxxxxxxxxxxxxx
0000000100111000 1 100111000 xxxxxxxxxxxxxxxx
0000000100111000 0 100111000 0000000100111000
0000000100111001 0 100111001 xxxxxxxxxxxxxxxx
0000000100111001 1 100111001 xxxxxxxxxxxxxxxx
0000000100111001 0 100111001 0000000100111001
0000000100111010 0 100111010 xxxxxxxxxxxxxxxx
0000000100111010 1 100111010 xxxxxxxxxxxxxxxx
0000000100111010 0 100111010 0000000100111010
0000000100111011 0 100111011 xxxxxxxxxxxxxxxx
0000000100111011 1 100111011 xxxxxxxxxxxxxxxx
0000000100111011 0 100111011 0000000100111011
0000000100111100 0 100111100 xxxxxxxxxxxxxxxx
0000000100111100 1 100111100 xxxxxxxxxxxxxxxx
0000000100111100 0 100111100 0000000100111100
0000000100111101 0 100111101 xxxxxxxxxxxxxxxx
0000000100111101 1 100111101 xxxxxxxxxxxxxxxx
0000000100111101 0 100111101 0000000100111101
0000000100111110 0 100111110 xxxxxxxxxxxxxxxx
0000000100111110 1 100111110 xxxxxxxxxxxxxxxx
0000000100111110 0 100111110 0000000100111110
0000000100111111 0 100111111 xxxxxxxxxxxxxxxx
0000000100111111 1 100111111 xxxxxxxxxxxxxxxx
0000000100111111 0 100111111 0000000100111111
0000000101000000 0 101000000 xxxxxxxxxxxxxxxx
0000000101000000 1 101000000 xxxxxxxxxxxxxxxx
0000000101000000 0 101000000 0000000101000000
0000000101000001 0 101000001 xxxxxxxxxxxxxxxx
0000000101000001 1 101000001 xxxxxxxxxxxxxxxx
0000000101000001 0 101000001 0000000101000001
0000000101000010 0 101000010 xxxxxxxxxxxxxxxx
0000000101000010 1 101000010 xxxxxxxxxxxxxxxx
0000000101000010 0 101000010 0000000101000010
0000000101000011 0 101000011 xxxxxxxxxxxxxxxx
0000000101000011 1 101000011 xxxxxxxxxxxxxxxx
0000000101000011 0 101000011 0000000101000011
0000000101000100 0 101000100 xxxxxxxxxxxxxxxx
0000000101000100 1 101000100 xxxxxxxxxxxxxxxx
0000000101000100 0 101000100 0000000101000100
0000000101000101 0 101000101 xxxxxxxxxxxxxxxx
0000000101000101 1 101000101 xxxxxxxxxxxxxxxx
0000000101000101 0 101000101 0000000101000101
0000000101000110 0 101000110 xxxxxxxxxxxxxxxx
0000000101000110 1 101000110 xxxxxxxxxxxxxxxx
0000000101000110 0 101000110 0000000101000110
0000000101000111 0 101000111 xxxxxxxxxxxxxxxx
0000000101000111 1 101000111 xxxxxxxxxxxxxxxx
0000000101000111 0 101000111 0000000101000111
0000000101001000 0 101001000 xxxxxxxxxxxxxxxx
0000000101001000 1 101001000 xxxxxxxxxxxxxxxx
0000000101001000 0 101001000 0000000101001000
0000000101001001 0 101001001 xxxxxxxxxxxxxxxx
0000000101001001 1 101001001 xxxxxxxxxxxxxxxx
0000000101001001 0 101001001 0000000101001001
0000000101001010 0 101001010 xxxxxxxxxxxxxxxx
0000000101001010 1 101001010 xxxxxxxxxxxxxxxx
0000000101001010 0 101001010 0000000101001010
0000000101001011 0 101001011 xxxxxxxxxxxxxxxx
0000000101001011 1 101001011 xxxxxxxxxxxxxxxx
0000000101001011 0 101001011 0000000101001011
0000000101001100 0 101001100 xxxxxxxxxxxxxxxx
0000000101001100 1 101001100 xxxxxxxxxxxxxxxx
0000000101001100 0 101001100 0000000101001100
0000000101001101 0 101001101 xxxxxxxxxxxxxxxx
0000000101001101 1 101001101 xxxxxxxxxxxxxxxx
0000000101001101 0 101001101 0000000101001101
0000000101001110 0 101001110 xxxxxxxxxxxxxxxx
0000000101001110 1 101001110 xxxxxxxxxxxxxxxx
0000000101001110 0 101001110 0000000101001110
0000000101001111 0 101001111 xxxxxxxxxxxxxxxx
0000000101001111 1 101001111 xxxxxxxxxxxxxxxx
0000000101001111 0 101001111 0000000101001111
0000000101010000 0 101010000 xxxxxxxxxxxxxxxx
0000000101010000 1 101010000 xxxxxxxxxxxxxxxx
0000000101010000 0 101010000 0000000101010000
0000000101010001 0 101010001 xxxxxxxxxxxxxxxx
0000000101010001 1 101010001 xxxxxxxxxxxxxxxx
0000000101010001 0 101010001 0000000101010001
0000000101010010 0 101010010 xxxxxxxxxxxxxxxx
0000000101010010 1 101010010 xxxxxxxxxxxxxxxx
0000000101010010 0 101010010 0000000101010010
0000000101010011 0 101010011 xxxxxxxxxxxxxxxx
0000000101010011 1 101010011 xxxxxxxxxxxxxxxx
0000000101010011 0 101010011 0000000101010011
0000000101010100 0 101010100 xxxxxxxxxxxxxxxx
0000000101010100 1 101010100 xxxxxxxxxxxxxxxx
0000000101010100 0 101010100 0000000101010100
0000000101010101 0 101010101 xxxxxxxxxxxxxxxx
0000000101010101 1 101010101 xxxxxxxxxxxxxxxx
0000000101010101 0 101010101 0000000101010101
0000000101010110 0 101010110 xxxxxxxxxxxxxxxx
0000000101010110 1 101010110 xxxxxxxxxxxxxxxx
0000000101010110 0 101010110 0000000101010110
0000000101010111 0 101010111 xxxxxxxxxxxxxxxx
0000000101010111 1 101010111 xxxxxxxxxxxxxxxx
0000000101010111 0 101010111 0000000101010111
0000000101011000 0 101011000 xxxxxxxxxxxxxxxx
0000000101011000 1 101011000 xxxxxxxxxxxxxxxx
0000000101011000 0 101011000 0000000101011000
0000000101011001 0 101011001 xxxxxxxxxxxxxxxx
0000000101011001 1 101011001 xxxxxxxxxxxxxxxx
0000000101011001 0 101011001 0000000101011001
0000000101011010 0 101011010 xxxxxxxxxxxxxxxx
0000000101011010 1 101011010 xxxxxxxxxxxxxxxx
0000000101011010 0 101011010 0000000101011010
0000000101011011 0 101011011 xxxxxxxxxxxxxxxx
0000000101011011 1 101011011 xxxxxxxxxxxxxxxx
0000000101011011 0 101011011 0000000101011011
0000000101011100 0 101011100 xxxxxxxxxxxxxxxx
0000000101011100 1 101011100 xxxxxxxxxxxxxxxx
0000000101011100 0 101011100 0000000101011100
0000000101011101 0 101011101 xxxxxxxxxxxxxxxx
0000000101011101 1 101011101 xxxxxxxxxxxxxxxx
0000000101011101 0 101011101 0000000101011101
0000000101011110 0 101011110 xxxxxxxxxxxxxxxx
0000000101011110 1 101011110 xxxxxxxxxxxxxxxx
0000000101011110 0 101011110 0000000101011110
0000000101011111 0 101011111 xxxxxxxxxxxxxxxx
0000000101011111 1 101011111 xxxxxxxxxxxxxxxx
0000000101011111 0 101011111 0000000101011111
0000000101100000 0 101100000 xxxxxxxxxxxxxxxx
0000000101100000 1 101100000 xxxxxxxxxxxxxxxx
0000000101100000 0 101100000 0000000101100000
0000000101100001 0 101100001 xxxxxxxxxxxxxxxx
0000000101100001 1 101100001 xxxxxxxxxxxxxxxx
0000000101100001 0 101100001 0000000101100001
0000000101100010 0 101100010 xxxxxxxxxxxxxxxx
0000000101100010 1 101100010 xxxxxxxxxxxxxxxx
0000000101100010 0 101100010 0000000101100010
0000000101100011 0 101100011 xxxxxxxxxxxxxxxx
0000000101100011 1 101100011 xxxxxxxxxxxxxxxx
0000000101100011 0 101100011 0000000101100011
0000000101100100 0 101100100 xxxxxxxxxxxxxxxx
0000000101100100 1 101100100 xxxxxxxxxxxxxxxx
0000000101100100 0 101100100 0000000101100100
0000000101100101 0 101100101 xxxxxxxxxxxxxxxx
0000000101100101 1 101100101 xxxxxxxxxxxxxxxx
0000000101100101 0 101100101 0000000101100101
0000000101100110 0 101100110 xxxxxxxxxxxxxxxx
0000000101100110 1 101100110 xxxxxxxxxxxxxxxx
0000000101100110 0 101100110 0000000101100110
0000000101100111 0 101100111 xxxxxxxxxxxxxxxx
0000000101100111 1 101100111 xxxxxxxxxxxxxxxx
0000000101100111 0 101100111 0000000101100111
0000000101101000 0 101101000 xxxxxxxxxxxxxxxx
0000000101101000 1 101101000 xxxxxxxxxxxxxxxx
0000000101101000 0 101101000 0000000101101000
0000000101101001 0 101101001 xxxxxxxxxxxxxxxx
0000000101101001 1 101101001 xxxxxxxxxxxxxxxx
0000000101101001 0 101101001 0000000101101001
0000000101101010 0 101101010 xxxxxxxxxxxxxxxx
0000000101101010 1 101101010 xxxxxxxxxxxxxxxx
0000000101101010 0 101101010 0000000101101010
0000000101101011 0 101101011 xxxxxxxxxxxxxxxx
0000000101101011 1 101101011 xxxxxxxxxxxxxxxx
0000000101101011 0 101101011 0000000101101011
0000000101101100 0 101101100 xxxxxxxxxxxxxxxx
0000000101101100 1 101101100 xxxxxxxxxxxxxxxx
0000000101101100 0 101101100 0000000101101100
0000000101101101 0 101101101 xxxxxxxxxxxxxxxx
0000000101101101 1 101101101 xxxxxxxxxxxxxxxx
0000000101101101 0 101101101 0000000101101101
0000000101101110 0 101101110 xxxxxxxxxxxxxxxx
0000000101101110 1 101101110 xxxxxxxxxxxxxxxx
0000000101101110 0 101101110 0000000101101110
0000000101101111 0 101101111 xxxxxxxxxxxxxxxx
0000000101101111 1 101101111 xxxxxxxxxxxxxxxx
0000000101101111 0 101101111 0000000101101111
0000000101110000 0 101110000 xxxxxxxxxxxxxxxx
0000000101110000 1 101110000 xxxxxxxxxxxxxxxx
0000000101110000 0 101110000 0000000101110000
0000000101110001 0 101110001 xxxxxxxxxxxxxxxx
0000000101110001 1 101110001 xxxxxxxxxxxxxxxx
0000000101110001 0 101110001 0000000101110001
0000000101110010 0 101110010 xxxxxxxxxxxxxxxx
0000000101110010 1 101110010 xxxxxxxxxxxxxxxx
0000000101110010 0 101110010 0000000101110010
0000000101110011 0 101110011 xxxxxxxxxxxxxxxx
0000000101110011 1 101110011 xxxxxxxxxxxxxxxx
0000000101110011 0 101110011 0000000101110011
0000000101110100 0 101110100 xxxxxxxxxxxxxxxx
0000000101110100 1 101110100 xxxxxxxxxxxxxxxx
0000000101110100 0 101110100 0000000101110100
0000000101110101 0 101110101 xxxxxxxxxxxxxxxx
0000000101110101 1 101110101 xxxxxxxxxxxxxxxx
0000000101110101 0 101110101 0000000101110101
0000000101110110 0 101110110 xxxxxxxxxxxxxxxx
0000000101110110 1 101110110 xxxxxxxxxxxxxxxx
0000000101110110 0 101110110 0000000101110110
0000000101110111 0 101110111 xxxxxxxxxxxxxxxx
0000000101110111 1 101110111 xxxxxxxxxxxxxxxx
0000000101110111 0 101110111 0000000101110111
0000000101111000 0 101111000 xxxxxxxxxxxxxxxx
0000000101111000 1 101111000 xxxxxxxxxxxxxxxx
0000000101111000 0 101111000 0000000101111000
0000000101111001 0 101111001 xxxxxxxxxxxxxxxx
0000000101111001 1 101111001 xxxxxxxxxxxxxxxx
0000000101111001 0 101111001 0000000101111001
0000000101111010 0 101111010 xxxxxxxxxxxxxxxx
0000000101111010 1 101111010 xxxxxxxxxxxxxxxx
0000000101111010 0 101111010 0000000101111010
0000000101111011 0 101111011 xxxxxxxxxxxxxxxx
0000000101111011 1 101111011 xxxxxxxxxxxxxxxx
0000000101111011 0 101111011 0000000101111011
0000000101111100 0 101111100 xxxxxxxxxxxxxxxx
0000000101111100 1 101111100 xxxxxxxxxxxxxxxx
0000000101111100 0 101111100 0000000101111100
0000000101111101 0 101111101 xxxxxxxxxxxxxxxx
0000000101111101 1 101111101 xxxxxxxxxxxxxxxx
0000000101111101 0 101111101 0000000101111101
0000000101111110 0 101111110 xxxxxxxxxxxxxxxx
0000000101111110 1 101111110 xxxxxxxxxxxxxxxx
0000000101111110 0 101111110 0000000101111110
0000000101111111 0 101111111 xxxxxxxxxxxxxxxx
0000000101111111 1 101111111 xxxxxxxxxxxxxxxx
0000000101111111 0 101111111 0000000101111111
0000000110000000 0 110000000 xxxxxxxxxxxxxxxx
0000000110000000 1 110000000 xxxxxxxxxxxxxxxx
0000000110000000 0 110000000 0000000110000000
0000000110000001 0 110000001 xxxxxxxxxxxxxxxx
0000000110000001 1 110000001 xxxxxxxxxxxxxxxx
0000000110000001 0 110000001 0000000110000001
0000000110000010 0 110000010 xxxxxxxxxxxxxxxx
0000000110000010 1 110000010 xxxxxxxxxxxxxxxx
0000000110000010 0 110000010 0000000110000010
0000000110000011 0 110000011 xxxxxxxxxxxxxxxx
0000000110000011 1 110000011 xxxxxxxxxxxxxxxx
0000000110000011 0 110000011 0000000110000011
0000000110000100 0 110000100 xxxxxxxxxxxxxxxx
0000000110000100 1 110000100 xxxxxxxxxxxxxxxx
0000000110000100 0 110000100 0000000110000100
0000000110000101 0 110000101 xxxxxxxxxxxxxxxx
0000000110000101 1 110000101 xxxxxxxxxxxxxxxx
0000000110000101 0 110000101 0000000110000101
0000000110000110 0 110000110 xxxxxxxxxxxxxxxx
0000000110000110 1 110000110 xxxxxxxxxxxxxxxx
0000000110000110 0 110000110 0000000110000110
0000000110000111 0 110000111 xxxxxxxxxxxxxxxx
0000000110000111 1 110000111 xxxxxxxxxxxxxxxx
0000000110000111 0 110000111 0000000110000111
0000000110001000 0 110001000 xxxxxxxxxxxxxxxx
0000000110001000 1 110001000 xxxxxxxxxxxxxxxx
0000000110001000 0 110001000 0000000110001000
0000000110001001 0 110001001 xxxxxxxxxxxxxxxx
0000000110001001 1 110001001 xxxxxxxxxxxxxxxx
0000000110001001 0 110001001 0000000110001001
0000000110001010 0 110001010 xxxxxxxxxxxxxxxx
0000000110001010 1 110001010 xxxxxxxxxxxxxxxx
0000000110001010 0 110001010 0000000110001010
0000000110001011 0 110001011 xxxxxxxxxxxxxxxx
0000000110001011 1 110001011 xxxxxxxxxxxxxxxx
0000000110001011 0 110001011 0000000110001011
0000000110001100 0 110001100 xxxxxxxxxxxxxxxx
0000000110001100 1 110001100 xxxxxxxxxxxxxxxx
0000000110001100 0 110001100 0000000110001100
0000000110001101 0 110001101 xxxxxxxxxxxxxxxx
0000000110001101 1 110001101 xxxxxxxxxxxxxxxx
0000000110001101 0 110001101 0000000110001101
0000000110001110 0 110001110 xxxxxxxxxxxxxxxx
0000000110001110 1 110001110 xxxxxxxxxxxxxxxx
0000000110001110 0 110001110 0000000110001110
0000000110001111 0 110001111 xxxxxxxxxxxxxxxx
0000000110001111 1 110001111 xxxxxxxxxxxxxxxx
0000000110001111 0 110001111 0000000110001111
0000000110010000 0 110010000 xxxxxxxxxxxxxxxx
0000000110010000 1 110010000 xxxxxxxxxxxxxxxx
0000000110010000 0 110010000 0000000110010000
0000000110010001 0 110010001 xxxxxxxxxxxxxxxx
0000000110010001 1 110010001 xxxxxxxxxxxxxxxx
0000000110010001 0 110010001 0000000110010001
0000000110010010 0 110010010 xxxxxxxxxxxxxxxx
0000000110010010 1 110010010 xxxxxxxxxxxxxxxx
0000000110010010 0 110010010 0000000110010010
0000000110010011 0 110010011 xxxxxxxxxxxxxxxx
0000000110010011 1 110010011 xxxxxxxxxxxxxxxx
0000000110010011 0 110010011 0000000110010011
0000000110010100 0 110010100 xxxxxxxxxxxxxxxx
0000000110010100 1 110010100 xxxxxxxxxxxxxxxx
0000000110010100 0 110010100 0000000110010100
0000000110010101 0 110010101 xxxxxxxxxxxxxxxx
0000000110010101 1 110010101 xxxxxxxxxxxxxxxx
0000000110010101 0 110010101 0000000110010101
0000000110010110 0 110010110 xxxxxxxxxxxxxxxx
0000000110010110 1 110010110 xxxxxxxxxxxxxxxx
0000000110010110 0 110010110 0000000110010110
0000000110010111 0 110010111 xxxxxxxxxxxxxxxx
0000000110010111 1 110010111 xxxxxxxxxxxxxxxx
0000000110010111 0 110010111 0000000110010111
0000000110011000 0 110011000 xxxxxxxxxxxxxxxx
0000000110011000 1 110011000 xxxxxxxxxxxxxxxx
0000000110011000 0 110011000 0000000110011000
0000000110011001 0 110011001 xxxxxxxxxxxxxxxx
0000000110011001 1 110011001 xxxxxxxxxxxxxxxx
0000000110011001 0 110011001 0000000110011001
0000000110011010 0 110011010 xxxxxxxxxxxxxxxx
0000000110011010 1 110011010 xxxxxxxxxxxxxxxx
0000000110011010 0 110011010 0000000110011010
0000000110011011 0 110011011 xxxxxxxxxxxxxxxx
0000000110011011 1 110011011 xxxxxxxxxxxxxxxx
0000000110011011 0 110011011 0000000110011011
0000000110011100 0 110011100 xxxxxxxxxxxxxxxx
0000000110011100 1 110011100 xxxxxxxxxxxxxxxx
0000000110011100 0 110011100 0000000110011100
0000000110011101 0 110011101 xxxxxxxxxxxxxxxx
0000000110011101 1 110011101 xxxxxxxxxxxxxxxx
0000000110011101 0 110011101 0000000110011101
0000000110011110 0 110011110 xxxxxxxxxxxxxxxx
0000000110011110 1 110011110 xxxxxxxxxxxxxxxx
0000000110011110 0 110011110 0000000110011110
0000000110011111 0 110011111 xxxxxxxxxxxxxxxx
0000000110011111 1 110011111 xxxxxxxxxxxxxxxx
0000000110011111 0 110011111 0000000110011111
0000000110100000 0 110100000 xxxxxxxxxxxxxxxx
0000000110100000 1 110100000 xxxxxxxxxxxxxxxx
0000000110100000 0 110100000 0000000110100000
0000000110100001 0 110100001 xxxxxxxxxxxxxxxx
0000000110100001 1 110100001 xxxxxxxxxxxxxxxx
0000000110100001 0 110100001 0000000110100001
0000000110100010 0 110100010 xxxxxxxxxxxxxxxx
0000000110100010 1 110100010 xxxxxxxxxxxxxxxx
0000000110100010 0 110100010 0000000110100010
0000000110100011 0 110100011 xxxxxxxxxxxxxxxx
0000000110100011 1 110100011 xxxxxxxxxxxxxxxx
0000000110100011 0 110100011 0000000110100011
0000000110100100 0 110100100 xxxxxxxxxxxxxxxx
0000000110100100 1 110100100 xxxxxxxxxxxxxxxx
0000000110100100 0 110100100 0000000110100100
0000000110100101 0 110100101 xxxxxxxxxxxxxxxx
0000000110100101 1 110100101 xxxxxxxxxxxxxxxx
0000000110100101 0 110100101 0000000110100101
0000000110100110 0 110100110 xxxxxxxxxxxxxxxx
0000000110100110 1 110100110 xxxxxxxxxxxxxxxx
0000000110100110 0 110100110 0000000110100110
0000000110100111 0 110100111 xxxxxxxxxxxxxxxx
0000000110100111 1 110100111 xxxxxxxxxxxxxxxx
0000000110100111 0 110100111 0000000110100111
0000000110101000 0 110101000 xxxxxxxxxxxxxxxx
0000000110101000 1 110101000 xxxxxxxxxxxxxxxx
0000000110101000 0 110101000 0000000110101000
0000000110101001 0 110101001 xxxxxxxxxxxxxxxx
0000000110101001 1 110101001 xxxxxxxxxxxxxxxx
0000000110101001 0 110101001 0000000110101001
0000000110101010 0 110101010 xxxxxxxxxxxxxxxx
0000000110101010 1 110101010 xxxxxxxxxxxxxxxx
0000000110101010 0 110101010 0000000110101010
0000000110101011 0 110101011 xxxxxxxxxxxxxxxx
0000000110101011 1 110101011 xxxxxxxxxxxxxxxx
0000000110101011 0 110101011 0000000110101011
0000000110101100 0 110101100 xxxxxxxxxxxxxxxx
0000000110101100 1 110101100 xxxxxxxxxxxxxxxx
0000000110101100 0 110101100 0000000110101100
0000000110101101 0 110101101 xxxxxxxxxxxxxxxx
0000000110101101 1 110101101 xxxxxxxxxxxxxxxx
0000000110101101 0 110101101 0000000110101101
0000000110101110 0 110101110 xxxxxxxxxxxxxxxx
0000000110101110 1 110101110 xxxxxxxxxxxxxxxx
0000000110101110 0 110101110 0000000110101110
0000000110101111 0 110101111 xxxxxxxxxxxxxxxx
0000000110101111 1 110101111 xxxxxxxxxxxxxxxx
0000000110101111 0 110101111 0000000110101111
0000000110110000 0 110110000 xxxxxxxxxxxxxxxx
0000000110110000 1 110110000 xxxxxxxxxxxxxxxx
0000000110110000 0 110110000 0000000110110000
0000000110110001 0 110110001 xxxxxxxxxxxxxxxx
0000000110110001 1 110110001 xxxxxxxxxxxxxxxx
0000000110110001 0 110110001 0000000110110001
0000000110110010 0 110110010 xxxxxxxxxxxxxxxx
0000000110110010 1 110110010 xxxxxxxxxxxxxxxx
0000000110110010 0 110110010 0000000110110010
0000000110110011 0 110110011 xxxxxxxxxxxxxxxx
0000000110110011 1 110110011 xxxxxxxxxxxxxxxx
0000000110110011 0 110110011 0000000110110011
0000000110110100 0 110110100 xxxxxxxxxxxxxxxx
0000000110110100 1 110110100 xxxxxxxxxxxxxxxx
0000000110110100 0 110110100 0000000110110100
0000000110110101 0 110110101 xxxxxxxxxxxxxxxx
0000000110110101 1 110110101 xxxxxxxxxxxxxxxx
0000000110110101 0 110110101 0000000110110101
0000000110110110 0 110110110 xxxxxxxxxxxxxxxx
0000000110110110 1 110110110 xxxxxxxxxxxxxxxx
0000000110110110 0 110110110 0000000110110110
0000000110110111 0 110110111 xxxxxxxxxxxxxxxx
0000000110110111 1 110110111 xxxxxxxxxxxxxxxx
0000000110110111 0 110110111 0000000110110111
0000000110111000 0 110111000 xxxxxxxxxxxxxxxx
0000000110111000 1 110111000 xxxxxxxxxxxxxxxx
0000000110111000 0 110111000 0000000110111000
0000000110111001 0 110111001 xxxxxxxxxxxxxxxx
0000000110111001 1 110111001 xxxxxxxxxxxxxxxx
0000000110111001 0 110111001 0000000110111001
0000000110111010 0 110111010 xxxxxxxxxxxxxxxx
0000000110111010 1 110111010 xxxxxxxxxxxxxxxx
0000000110111010 0 110111010 0000000110111010
0000000110111011 0 110111011 xxxxxxxxxxxxxxxx
0000000110111011 1 110111011 xxxxxxxxxxxxxxxx
0000000110111011 0 110111011 0000000110111011
0000000110111100 0 110111100 xxxxxxxxxxxxxxxx
0000000110111100 1 110111100 xxxxxxxxxxxxxxxx
0000000110111100 0 110111100 0000000110111100
0000000110111101 0 110111101 xxxxxxxxxxxxxxxx
0000000110111101 1 110111101 xxxxxxxxxxxxxxxx
0000000110111101 0 110111101 0000000110111101
0000000110111110 0 110111110 xxxxxxxxxxxxxxxx
0000000110111110 1 110111110 xxxxxxxxxxxxxxxx
0000000110111110 0 110111110 0000000110111110
0000000110111111 0 110111111 xxxxxxxxxxxxxxxx
0000000110111111 1 110111111 xxxxxxxxxxxxxxxx
0000000110111111 0 110111111 0000000110111111
0000000111000000 0 111000000 xxxxxxxxxxxxxxxx
0000000111000000 1 111000000 xxxxxxxxxxxxxxxx
0000000111000000 0 111000000 0000000111000000
0000000111000001 0 111000001 xxxxxxxxxxxxxxxx
0000000111000001 1 111000001 xxxxxxxxxxxxxxxx
0000000111000001 0 111000001 0000000111000001
0000000111000010 0 111000010 xxxxxxxxxxxxxxxx
0000000111000010 1 111000010 xxxxxxxxxxxxxxxx
0000000111000010 0 111000010 0000000111000010
0000000111000011 0 111000011 xxxxxxxxxxxxxxxx
0000000111000011 1 111000011 xxxxxxxxxxxxxxxx
0000000111000011 0 111000011 0000000111000011
0000000111000100 0 111000100 xxxxxxxxxxxxxxxx
0000000111000100 1 111000100 xxxxxxxxxxxxxxxx
0000000111000100 0 111000100 0000000111000100
0000000111000101 0 111000101 xxxxxxxxxxxxxxxx
0000000111000101 1 111000101 xxxxxxxxxxxxxxxx
0000000111000101 0 111000101 0000000111000101
0000000111000110 0 111000110 xxxxxxxxxxxxxxxx
0000000111000110 1 111000110 xxxxxxxxxxxxxxxx
0000000111000110 0 111000110 0000000111000110
0000000111000111 0 111000111 xxxxxxxxxxxxxxxx
0000000111000111 1 111000111 xxxxxxxxxxxxxxxx
0000000111000111 0 111000111 0000000111000111
0000000111001000 0 111001000 xxxxxxxxxxxxxxxx
0000000111001000 1 111001000 xxxxxxxxxxxxxxxx
0000000111001000 0 111001000 0000000111001000
0000000111001001 0 111001001 xxxxxxxxxxxxxxxx
0000000111001001 1 111001001 xxxxxxxxxxxxxxxx
0000000111001001 0 111001001 0000000111001001
0000000111001010 0 111001010 xxxxxxxxxxxxxxxx
0000000111001010 1 111001010 xxxxxxxxxxxxxxxx
0000000111001010 0 111001010 0000000111001010
0000000111001011 0 111001011 xxxxxxxxxxxxxxxx
0000000111001011 1 111001011 xxxxxxxxxxxxxxxx
0000000111001011 0 111001011 0000000111001011
0000000111001100 0 111001100 xxxxxxxxxxxxxxxx
0000000111001100 1 111001100 xxxxxxxxxxxxxxxx
0000000111001100 0 111001100 0000000111001100
0000000111001101 0 111001101 xxxxxxxxxxxxxxxx
0000000111001101 1 111001101 xxxxxxxxxxxxxxxx
0000000111001101 0 111001101 0000000111001101
0000000111001110 0 111001110 xxxxxxxxxxxxxxxx
0000000111001110 1 111001110 xxxxxxxxxxxxxxxx
0000000111001110 0 111001110 0000000111001110
0000000111001111 0 111001111 xxxxxxxxxxxxxxxx
0000000111001111 1 111001111 xxxxxxxxxxxxxxxx
0000000111001111 0 111001111 0000000111001111
0000000111010000 0 111010000 xxxxxxxxxxxxxxxx
0000000111010000 1 111010000 xxxxxxxxxxxxxxxx
0000000111010000 0 111010000 0000000111010000
0000000111010001 0 111010001 xxxxxxxxxxxxxxxx
0000000111010001 1 111010001 xxxxxxxxxxxxxxxx
0000000111010001 0 111010001 0000000111010001
0000000111010010 0 111010010 xxxxxxxxxxxxxxxx
0000000111010010 1 111010010 xxxxxxxxxxxxxxxx
0000000111010010 0 111010010 0000000111010010
0000000111010011 0 111010011 xxxxxxxxxxxxxxxx
0000000111010011 1 111010011 xxxxxxxxxxxxxxxx
0000000111010011 0 111010011 0000000111010011
0000000111010100 0 111010100 xxxxxxxxxxxxxxxx
0000000111010100 1 111010100 xxxxxxxxxxxxxxxx
0000000111010100 0 111010100 0000000111010100
0000000111010101 0 111010101 xxxxxxxxxxxxxxxx
0000000111010101 1 111010101 xxxxxxxxxxxxxxxx
0000000111010101 0 111010101 0000000111010101
0000000111010110 0 111010110 xxxxxxxxxxxxxxxx
0000000111010110 1 111010110 xxxxxxxxxxxxxxxx
0000000111010110 0 111010110 0000000111010110
0000000111010111 0 111010111 xxxxxxxxxxxxxxxx
0000000111010111 1 111010111 xxxxxxxxxxxxxxxx
0000000111010111 0 111010111 0000000111010111
0000000111011000 0 111011000 xxxxxxxxxxxxxxxx
0000000111011000 1 111011000 xxxxxxxxxxxxxxxx
0000000111011000 0 111011000 0000000111011000
0000000111011001 0 111011001 xxxxxxxxxxxxxxxx
0000000111011001 1 111011001 xxxxxxxxxxxxxxxx
0000000111011001 0 111011001 0000000111011001
0000000111011010 0 111011010 xxxxxxxxxxxxxxxx
0000000111011010 1 111011010 xxxxxxxxxxxxxxxx
0000000111011010 0 111011010 0000000111011010
0000000111011011 0 111011011 xxxxxxxxxxxxxxxx
0000000111011011 1 111011011 xxxxxxxxxxxxxxxx
0000000111011011 0 111011011 0000000111011011
0000000111011100 0 111011100 xxxxxxxxxxxxxxxx
0000000111011100 1 111011100 xxxxxxxxxxxxxxxx
0000000111011100 0 111011100 0000000111011100
0000000111011101 0 111011101 xxxxxxxxxxxxxxxx
0000000111011101 1 111011101 xxxxxxxxxxxxxxxx
0000000111011101 0 111011101 0000000111011101
0000000111011110 0 111011110 xxxxxxxxxxxxxxxx
0000000111011110 1 111011110 xxxxxxxxxxxxxxxx
0000000111011110 0 111011110 0000000111011110
0000000111011111 0 111011111 xxxxxxxxxxxxxxxx
0000000111011111 1 111011111 xxxxxxxxxxxxxxxx
0000000111011111 0 111011111 0000000111011111
0000000111100000 0 111100000 xxxxxxxxxxxxxxxx
0000000111100000 1 111100000 xxxxxxxxxxxxxxxx
0000000111100000 0 111100000 0000000111100000
0000000111100001 0 111100001 xxxxxxxxxxxxxxxx
0000000111100001 1 111100001 xxxxxxxxxxxxxxxx
0000000111100001 0 111100001 0000000111100001
0000000111100010 0 111100010 xxxxxxxxxxxxxxxx
0000000111100010 1 111100010 xxxxxxxxxxxxxxxx
0000000111100010 0 111100010 0000000111100010
0000000111100011 0 111100011 xxxxxxxxxxxxxxxx
0000000111100011 1 111100011 xxxxxxxxxxxxxxxx
0000000111100011 0 111100011 0000000111100011
0000000111100100 0 111100100 xxxxxxxxxxxxxxxx
0000000111100100 1 111100100 xxxxxxxxxxxxxxxx
0000000111100100 0 111100100 0000000111100100
0000000111100101 0 111100101 xxxxxxxxxxxxxxxx
0000000111100101 1 111100101 xxxxxxxxxxxxxxxx
0000000111100101 0 111100101 0000000111100101
0000000111100110 0 111100110 xxxxxxxxxxxxxxxx
0000000111100110 1 111100110 xxxxxxxxxxxxxxxx
0000000111100110 0 111100110 0000000111100110
0000000111100111 0 111100111 xxxxxxxxxxxxxxxx
0000000111100111 1 111100111 xxxxxxxxxxxxxxxx
0000000111100111 0 111100111 0000000111100111
0000000111101000 0 111101000 xxxxxxxxxxxxxxxx
0000000111101000 1 111101000 xxxxxxxxxxxxxxxx
0000000111101000 0 111101000 0000000111101000
0000000111101001 0 111101001 xxxxxxxxxxxxxxxx
0000000111101001 1 111101001 xxxxxxxxxxxxxxxx
0000000111101001 0 111101001 0000000111101001
0000000111101010 0 111101010 xxxxxxxxxxxxxxxx
0000000111101010 1 111101010 xxxxxxxxxxxxxxxx
0000000111101010 0 111101010 0000000111101010
0000000111101011 0 111101011 xxxxxxxxxxxxxxxx
0000000111101011 1 111101011 xxxxxxxxxxxxxxxx
0000000111101011 0 111101011 0000000111101011
0000000111101100 0 111101100 xxxxxxxxxxxxxxxx
0000000111101100 1 111101100 xxxxxxxxxxxxxxxx
0000000111101100 0 111101100 0000000111101100
0000000111101101 0 111101101 xxxxxxxxxxxxxxxx
0000000111101101 1 111101101 xxxxxxxxxxxxxxxx
0000000111101101 0 111101101 0000000111101101
0000000111101110 0 111101110 xxxxxxxxxxxxxxxx
0000000111101110 1 111101110 xxxxxxxxxxxxxxxx
0000000111101110 0 111101110 0000000111101110
0000000111101111 0 111101111 xxxxxxxxxxxxxxxx
0000000111101111 1 111101111 xxxxxxxxxxxxxxxx
0000000111101111 0 111101111 0000000111101111
0000000111110000 0 111110000 xxxxxxxxxxxxxxxx
0000000111110000 1 111110000 xxxxxxxxxxxxxxxx
0000000111110000 0 111110000 0000000111110000
0000000111110001 0 111110001 xxxxxxxxxxxxxxxx
0000000111110001 1 111110001 xxxxxxxxxxxxxxxx
0000000111110001 0 111110001 0000000111110001
0000000111110010 0 111110010 xxxxxxxxxxxxxxxx
0000000111110010 1 111110010 xxxxxxxxxxxxxxxx
0000000111110010 0 111110010 0000000111110010
0000000111110011 0 111110011 xxxxxxxxxxxxxxxx
0000000111110011 1 111110011 xxxxxxxxxxxxxxxx
0000000111110011 0 111110011 0000000111110011
0000000111110100 0 111110100 xxxxxxxxxxxxxxxx
0000000111110100 1 111110100 xxxxxxxxxxxxxxxx
0000000111110100 0 111110100 0000000111110100
0000000111110101 0 111110101 xxxxxxxxxxxxxxxx
0000000111110101 1 111110101 xxxxxxxxxxxxxxxx
0000000111110101 0 111110101 0000000111110101
0000000111110110 0 111110110 xxxxxxxxxxxxxxxx
0000000111110110 1 111110110 xxxxxxxxxxxxxxxx
0000000111110110 0 111110110 0000000111110110
0000000111110111 0 111110111 xxxxxxxxxxxxxxxx
0000000111110111 1 111110111 xxxxxxxxxxxxxxxx
0000000111110111 0 111110111 0000000111110111
0000000111111000 0 111111000 xxxxxxxxxxxxxxxx
0000000111111000 1 111111000 xxxxxxxxxxxxxxxx
0000000111111000 0 111111000 0000000111111000
0000000111111001 0 111111001 xxxxxxxxxxxxxxxx
0000000111111001 1 111111001 xxxxxxxxxxxxxxxx
0000000111111001 0 111111001 0000000111111001
0000000111111010 0 111111010 xxxxxxxxxxxxxxxx
0000000111111010 1 111111010 xxxxxxxxxxxxxxxx
0000000111111010 0 111111010 0000000111111010
0000000111111011 0 111111011 xxxxxxxxxxxxxxxx
0000000111111011 1 111111011 xxxxxxxxxxxxxxxx
0000000111111011 0 111111011 0000000111111011
0000000111111100 0 111111100 xxxxxxxxxxxxxxxx
0000000111111100 1 111111100 xxxxxxxxxxxxxxxx
0000000111111100 0 111111100 0000000111111100
0000000111111101 0 111111101 xxxxxxxxxxxxxxxx
0000000111111101 1 111111101 xxxxxxxxxxxxxxxx
0000000111111101 0 111111101 0000000111111101
0000000111111110 0 111111110 xxxxxxxxxxxxxxxx
0000000111111110 1 111111110 xxxxxxxxxxxxxxxx
0000000111111110 0 111111110 0000000111111110
0000000111111111 0 111111111 xxxxxxxxxxxxxxxx
0000000111111111 1 111111111 xxxxxxxxxxxxxxxx
0000000111111111 0 111111111 0000000111111111
0000000000000000 1 000000000 0000000000000000
0000000000000001 1 000000001 0000000000000001
0000000000000010 1 000000010 0000000000000010
0000000000000011 1 000000011 0000000000000011
0000000000000100 1 000000100 0000000000000100
0000000000000101 1 000000101 0000000000000101
0000000000000110 1 000000110 0000000000000110
0000000000000111 1 000000111 0000000000000111
0000000000001000 1 000001000 0000000000001000
0000000000001001 1 000001001 0000000000001001
0000000000001010 1 000001010 0000000000001010
0000000000001011 1 000001011 0000000000001011
0000000000001100 1 000001100 0000000000001100
0000000000001101 1 000001101 0000000000001101
0000000000001110 1 000001110 0000000000001110
0000000000001111 1 000001111 0000000000001111
0000000000010000 1 000010000 0000000000010000
0000000000010001 1 000010001 0000000000010001
0000000000010010 1 000010010 0000000000010010
0000000000010011 1 000010011 0000000000010011
0000000000010100 1 000010100 0000000000010100
0000000000010101 1 000010101 0000000000010101
0000000000010110 1 000010110 0000000000010110
0000000000010111 1 000010111 0000000000010111
0000000000011000 1 000011000 0000000000011000
0000000000011001 1 000011001 0000000000011001
0000000000011010 1 000011010 0000000000011010
0000000000011011 1 000011011 0000000000011011
0000000000011100 1 000011100 0000000000011100
0000000000011101 1 000011101 0000000000011101
0000000000011110 1 000011110 0000000000011110
0000000000011111 1 000011111 0000000000011111
0000000000100000 1 000100000 0000000000100000
0000000000100001 1 000100001 0000000000100001
0000000000100010 1 000100010 0000000000100010
0000000000100011 1 000100011 0000000000100011
0000000000100100 1 000100100 0000000000100100
0000000000100101 1 000100101 0000000000100101
0000000000100110 1 000100110 0000000000100110
0000000000100111 1 000100111 0000000000100111
0000000000101000 1 000101000 0000000000101000
0000000000101001 1 000101001 0000000000101001
0000000000101010 1 000101010 0000000000101010
0000000000101011 1 000101011 0000000000101011
0000000000101100 1 000101100 0000000000101100
0000000000101101 1 000101101 0000000000101101
0000000000101110 1 000101110 0000000000101110
0000000000101111 1 000101111 0000000000101111
0000000000110000 1 000110000 0000000000110000
0000000000110001 1 000110001 0000000000110001
0000000000110010 1 000110010 0000000000110010
0000000000110011 1 000110011 0000000000110011
0000000000110100 1 000110100 0000000000110100
0000000000110101 1 000110101 0000000000110101
0000000000110110 1 000110110 0000000000110110
0000000000110111 1 000110111 0000000000110111
0000000000111000 1 000111000 0000000000111000
0000000000111001 1 000111001 0000000000111001
0000000000111010 1 000111010 0000000000111010
0000000000111011 1 000111011 0000000000111011
0000000000111100 1 000111100 0000000000111100
0000000000111101 1 000111101 0000000000111101
0000000000111110 1 000111110 0000000000111110
0000000000111111 1 000111111 0000000000111111
0000000001000000 1 001000000 0000000001000000
0000000001000001 1 001000001 0000000001000001
0000000001000010 1 001000010 0000000001000010
0000000001000011 1 001000011 0000000001000011
0000000001000100 1 001000100 0000000001000100
0000000001000101 1 001000101 0000000001000101
0000000001000110 1 001000110 0000000001000110
0000000001000111 1 001000111 0000000001000111
0000000001001000 1 001001000 0000000001001000
0000000001001001 1 001001001 0000000001001001
0000000001001010 1 001001010 0000000001001010
0000000001001011 1 001001011 0000000001001011
0000000001001100 1 001001100 0000000001001100
0000000001001101 1 001001101 0000000001001101
0000000001001110 1 001001110 0000000001001110
0000000001001111 1 001001111 0000000001001111
0000000001010000 1 001010000 0000000001010000
0000000001010001 1 001010001 0000000001010001
0000000001010010 1 001010010 0000000001010010
0000000001010011 1 001010011 0000000001010011
0000000001010100 1 001010100 0000000001010100
0000000001010101 1 001010101 0000000001010101
0000000001010110 1 001010110 0000000001010110
0000000001010111 1 001010111 0000000001010111
0000000001011000 1 001011000 0000000001011000
0000000001011001 1 001011001 0000000001011001
0000000001011010 1 001011010 0000000001011010
0000000001011011 1 001011011 0000000001011011
0000000001011100 1 001011100 0000000001011100
0000000001011101 1 001011101 0000000001011101
0000000001011110 1 001011110 0000000001011110
0000000001011111 1 001011111 0000000001011111
0000000001100000 1 001100000 0000000001100000
0000000001100001 1 001100001 0000000001100001
0000000001100010 1 001100010 0000000001100010
0000000001100011 1 001100011 0000000001100011
0000000001100100 1 001100100 0000000001100100
0000000001100101 1 001100101 0000000001100101
0000000001100110 1 001100110 0000000001100110
0000000001100111 1 001100111 0000000001100111
0000000001101000 1 001101000 0000000001101000
0000000001101001 1 001101001 0000000001101001
0000000001101010 1 001101010 0000000001101010
0000000001101011 1 001101011 0000000001101011
0000000001101100 1 001101100 0000000001101100
0000000001101101 1 001101101 0000000001101101
0000000001101110 1 001101110 0000000001101110
0000000001101111 1 001101111 0000000001101111
0000000001110000 1 001110000 0000000001110000
0000000001110001 1 001110001 0000000001110001
0000000001110010 1 001110010 0000000001110010
0000000001110011 1 001110011 0000000001110011
0000000001110100 1 001110100 0000000001110100
0000000001110101 1 001110101 0000000001110101
0000000001110110 1 001110110 0000000001110110
0000000001110111 1 001110111 0000000001110111
0000000001111000 1 001111000 0000000001111000
0000000001111001 1 001111001 0000000001111001
0000000001111010 1 001111010 0000000001111010
0000000001111011 1 001111011 0000000001111011
0000000001111100 1 001111100 0000000001111100
0000000001111101 1 001111101 0000000001111101
0000000001111110 1 001111110 0000000001111110
0000000001111111 1 001111111 0000000001111111
0000000010000000 1 010000000 0000000010000000
0000000010000001 1 010000001 0000000010000001
0000000010000010 1 010000010 0000000010000010
0000000010000011 1 010000011 0000000010000011
0000000010000100 1 010000100 0000000010000100
0000000010000101 1 010000101 0000000010000101
0000000010000110 1 010000110 0000000010000110
0000000010000111 1 010000111 0000000010000111
0000000010001000 1 010001000 0000000010001000
0000000010001001 1 010001001 0000000010001001
0000000010001010 1 010001010 0000000010001010
0000000010001011 1 010001011 0000000010001011
0000000010001100 1 010001100 0000000010001100
0000000010001101 1 010001101 0000000010001101
0000000010001110 1 010001110 0000000010001110
0000000010001111 1 010001111 0000000010001111
0000000010010000 1 010010000 0000000010010000
0000000010010001 1 010010001 0000000010010001
0000000010010010 1 010010010 0000000010010010
0000000010010011 1 010010011 0000000010010011
0000000010010100 1 010010100 0000000010010100
0000000010010101 1 010010101 0000000010010101
0000000010010110 1 010010110 0000000010010110
0000000010010111 1 010010111 0000000010010111
0000000010011000 1 010011000 0000000010011000
0000000010011001 1 010011001 0000000010011001
0000000010011010 1 010011010 0000000010011010
0000000010011011 1 010011011 0000000010011011
0000000010011100 1 010011100 0000000010011100
0000000010011101 1 010011101 0000000010011101
0000000010011110 1 010011110 0000000010011110
0000000010011111 1 010011111 0000000010011111
0000000010100000 1 010100000 0000000010100000
0000000010100001 1 010100001 0000000010100001
0000000010100010 1 010100010 0000000010100010
0000000010100011 1 010100011 0000000010100011
0000000010100100 1 010100100 0000000010100100
0000000010100101 1 010100101 0000000010100101
0000000010100110 1 010100110 0000000010100110
0000000010100111 1 010100111 0000000010100111
0000000010101000 1 010101000 0000000010101000
0000000010101001 1 010101001 0000000010101001
0000000010101010 1 010101010 0000000010101010
0000000010101011 1 010101011 0000000010101011
0000000010101100 1 010101100 0000000010101100
0000000010101101 1 010101101 0000000010101101
0000000010101110 1 010101110 0000000010101110
0000000010101111 1 010101111 0000000010101111
0000000010110000 1 010110000 0000000010110000
0000000010110001 1 010110001 0000000010110001
0000000010110010 1 010110010 0000000010110010
0000000010110011 1 010110011 0000000010110011
0000000010110100 1 010110100 0000000010110100
0000000010110101 1 010110101 0000000010110101
0000000010110110 1 010110110 0000000010110110
0000000010110111 1 010110111 0000000010110111
0000000010111000 1 010111000 0000000010111000
0000000010111001 1 010111001 0000000010111001
0000000010111010 1 010111010 0000000010111010
0000000010111011 1 010111011 0000000010111011
0000000010111100 1 010111100 0000000010111100
0000000010111101 1 010111101 0000000010111101
0000000010111110 1 010111110 0000000010111110
0000000010111111 1 010111111 0000000010111111
0000000011000000 1 011000000 0000000011000000
0000000011000001 1 011000001 0000000011000001
0000000011000010 1 011000010 0000000011000010
0000000011000011 1 011000011 0000000011000011
0000000011000100 1 011000100 0000000011000100
0000000011000101 1 011000101 0000000011000101
0000000011000110 1 011000110 0000000011000110
0000000011000111 1 011000111 0000000011000111
0000000011001000 1 011001000 0000000011001000
0000000011001001 1 011001001 0000000011001001
0000000011001010 1 011001010 0000000011001010
0000000011001011 1 011001011 0000000011001011
0000000011001100 1 011001100 0000000011001100
0000000011001101 1 011001101 0000000011001101
0000000011001110 1 011001110 0000000011001110
0000000011001111 1 011001111 0000000011001111
0000000011010000 1 011010000 0000000011010000
0000000011010001 1 011010001 0000000011010001
0000000011010010 1 011010010 0000000011010010
0000000011010011 1 011010011 0000000011010011
0000000011010100 1 011010100 0000000011010100
0000000011010101 1 011010101 0000000011010101
0000000011010110 1 011010110 0000000011010110
0000000011010111 1 011010111 0000000011010111
0000000011011000 1 011011000 0000000011011000
0000000011011001 1 011011001 0000000011011001
0000000011011010 1 011011010 0000000011011010
0000000011011011 1 011011011 0000000011011011
0000000011011100 1 011011100 0000000011011100
0000000011011101 1 011011101 0000000011011101
0000000011011110 1 011011110 0000000011011110
0000000011011111 1 011011111 0000000011011111
0000000011100000 1 011100000 0000000011100000
0000000011100001 1 011100001 0000000011100001
0000000011100010 1 011100010 0000000011100010
0000000011100011 1 011100011 0000000011100011
0000000011100100 1 011100100 0000000011100100
0000000011100101 1 011100101 0000000011100101
0000000011100110 1 011100110 0000000011100110
0000000011100111 1 011100111 0000000011100111
0000000011101000 1 011101000 0000000011101000
0000000011101001 1 011101001 0000000011101001
0000000011101010 1 011101010 0000000011101010
0000000011101011 1 011101011 0000000011101011
0000000011101100 1 011101100 0000000011101100
0000000011101101 1 011101101 0000000011101101
0000000011101110 1 011101110 0000000011101110
0000000011101111 1 011101111 0000000011101111
0000000011110000 1 011110000 0000000011110000
0000000011110001 1 011110001 0000000011110001
0000000011110010 1 011110010 0000000011110010
0000000011110011 1 011110011 0000000011110011
0000000011110100 1 011110100 0000000011110100
0000000011110101 1 011110101 0000000011110101
0000000011110110 1 011110110 0000000011110110
0000000011110111 1 011110111 0000000011110111
0000000011111000 1 011111000 0000000011111000
0000000011111001 1 011111001 0000000011111001
0000000011111010 1 011111010 0000000011111010
0000000011111011 1 011111011 0000000011111011
0000000011111100 1 011111100 0000000011111100
0000000011111101 1 011111101 0000000011111101
0000000011111110 1 011111110 0000000011111110
0000000011111111 1 011111111 0000000011111111
0000000100000000 1 100000000 0000000100000000
0000000100000001 1 100000001 0000000100000001
0000000100000010 1 100000010 0000000100000010
0000000100000011 1 100000011 0000000100000011
0000000100000100 1 100000100 0000000100000100
0000000100000101 1 100000101 0000000100000101
0000000100000110 1 100000110 0000000100000110
0000000100000111 1 100000111 0000000100000111
0000000100001000 1 100001000 0000000100001000
0000000100001001 1 100001001 0000000100001001
0000000100001010 1 100001010 0000000100001010
0000000100001011 1 100001011 0000000100001011
0000000100001100 1 100001100 0000000100001100
0000000100001101 1 100001101 0000000100001101
0000000100001110 1 100001110 0000000100001110
0000000100001111 1 100001111 0000000100001111
0000000100010000 1 100010000 0000000100010000
0000000100010001 1 100010001 0000000100010001
0000000100010010 1 100010010 0000000100010010
0000000100010011 1 100010011 0000000100010011
0000000100010100 1 100010100 0000000100010100
0000000100010101 1 100010101 0000000100010101
0000000100010110 1 100010110 0000000100010110
0000000100010111 1 100010111 0000000100010111
0000000100011000 1 100011000 0000000100011000
0000000100011001 1 100011001 0000000100011001
0000000100011010 1 100011010 0000000100011010
0000000100011011 1 100011011 0000000100011011
0000000100011100 1 100011100 0000000100011100
0000000100011101 1 100011101 0000000100011101
0000000100011110 1 100011110 0000000100011110
0000000100011111 1 100011111 0000000100011111
0000000100100000 1 100100000 0000000100100000
0000000100100001 1 100100001 0000000100100001
0000000100100010 1 100100010 0000000100100010
0000000100100011 1 100100011 0000000100100011
0000000100100100 1 100100100 0000000100100100
0000000100100101 1 100100101 0000000100100101
0000000100100110 1 100100110 0000000100100110
0000000100100111 1 100100111 0000000100100111
0000000100101000 1 100101000 0000000100101000
0000000100101001 1 100101001 0000000100101001
0000000100101010 1 100101010 0000000100101010
0000000100101011 1 100101011 0000000100101011
0000000100101100 1 100101100 0000000100101100
0000000100101101 1 100101101 0000000100101101
0000000100101110 1 100101110 0000000100101110
0000000100101111 1 100101111 0000000100101111
0000000100110000 1 100110000 0000000100110000
0000000100110001 1 100110001 0000000100110001
0000000100110010 1 100110010 0000000100110010
0000000100110011 1 100110011 0000000100110011
0000000100110100 1 100110100 0000000100110100
0000000100110101 1 100110101 0000000100110101
0000000100110110 1 100110110 0000000100110110
0000000100110111 1 100110111 0000000100110111
0000000100111000 1 100111000 0000000100111000
0000000100111001 1 100111001 0000000100111001
0000000100111010 1 100111010 0000000100111010
0000000100111011 1 100111011 0000000100111011
0000000100111100 1 100111100 0000000100111100
0000000100111101 1 100111101 0000000100111101
0000000100111110 1 100111110 0000000100111110
0000000100111111 1 100111111 0000000100111111
0000000101000000 1 101000000 0000000101000000
0000000101000001 1 101000001 0000000101000001
0000000101000010 1 101000010 0000000101000010
0000000101000011 1 101000011 0000000101000011
0000000101000100 1 101000100 0000000101000100
0000000101000101 1 101000101 0000000101000101
0000000101000110 1 101000110 0000000101000110
0000000101000111 1 101000111 0000000101000111
0000000101001000 1 101001000 0000000101001000
0000000101001001 1 101001001 0000000101001001
0000000101001010 1 101001010 0000000101001010
0000000101001011 1 101001011 0000000101001011
0000000101001100 1 101001100 0000000101001100
0000000101001101 1 101001101 0000000101001101
0000000101001110 1 101001110 0000000101001110
0000000101001111 1 101001111 0000000101001111
0000000101010000 1 101010000 0000000101010000
0000000101010001 1 101010001 0000000101010001
0000000101010010 1 101010010 0000000101010010
0000000101010011 1 101010011 0000000101010011
0000000101010100 1 101010100 0000000101010100
0000000101010101 1 101010101 0000000101010101
0000000101010110 1 101010110 0000000101010110
0000000101010111 1 101010111 0000000101010111
0000000101011000 1 101011000 0000000101011000
0000000101011001 1 101011001 0000000101011001
0000000101011010 1 101011010 0000000101011010
0000000101011011 1 101011011 0000000101011011
0000000101011100 1 101011100 0000000101011100
0000000101011101 1 101011101 0000000101011101
0000000101011110 1 101011110 0000000101011110
0000000101011111 1 101011111 0000000101011111
0000000101100000 1 101100000 0000000101100000
0000000101100001 1 101100001 0000000101100001
0000000101100010 1 101100010 0000000101100010
0000000101100011 1 101100011 0000000101100011
0000000101100100 1 101100100 0000000101100100
0000000101100101 1 101100101 0000000101100101
0000000101100110 1 101100110 0000000101100110
0000000101100111 1 101100111 0000000101100111
0000000101101000 1 101101000 0000000101101000
0000000101101001 1 101101001 0000000101101001
0000000101101010 1 101101010 0000000101101010
0000000101101011 1 101101011 0000000101101011
0000000101101100 1 101101100 0000000101101100
0000000101101101 1 101101101 0000000101101101
0000000101101110 1 101101110 0000000101101110
0000000101101111 1 101101111 0000000101101111
0000000101110000 1 101110000 0000000101110000
0000000101110001 1 101110001 0000000101110001
0000000101110010 1 101110010 0000000101110010
0000000101110011 1 101110011 0000000101110011
0000000101110100 1 101110100 0000000101110100
0000000101110101 1 101110101 0000000101110101
0000000101110110 1 101110110 0000000101110110
0000000101110111 1 101110111 0000000101110111
0000000101111000 1 101111000 0000000101111000
0000000101111001 1 101111001 0000000101111001
0000000101111010 1 101111010 0000000101111010
0000000101111011 1 101111011 0000000101111011
0000000101111100 1 101111100 0000000101111100
0000000101111101 1 101111101 0000000101111101
0000000101111110 1 101111110 0000000101111110
0000000101111111 1 101111111 0000000101111111
0000000110000000 1 110000000 0000000110000000
0000000110000001 1 110000001 0000000110000001
0000000110000010 1 110000010 0000000110000010
0000000110000011 1 110000011 0000000110000011
0000000110000100 1 110000100 0000000110000100
0000000110000101 1 110000101 0000000110000101
0000000110000110 1 110000110 0000000110000110
0000000110000111 1 110000111 0000000110000111
0000000110001000 1 110001000 0000000110001000
0000000110001001 1 110001001 0000000110001001
0000000110001010 1 110001010 0000000110001010
0000000110001011 1 110001011 0000000110001011
0000000110001100 1 110001100 0000000110001100
0000000110001101 1 110001101 0000000110001101
0000000110001110 1 110001110 0000000110001110
0000000110001111 1 110001111 0000000110001111
0000000110010000 1 110010000 0000000110010000
0000000110010001 1 110010001 0000000110010001
0000000110010010 1 110010010 0000000110010010
0000000110010011 1 110010011 0000000110010011
0000000110010100 1 110010100 0000000110010100
0000000110010101 1 110010101 0000000110010101
0000000110010110 1 110010110 0000000110010110
0000000110010111 1 110010111 0000000110010111
0000000110011000 1 110011000 0000000110011000
0000000110011001 1 110011001 0000000110011001
0000000110011010 1 110011010 0000000110011010
0000000110011011 1 110011011 0000000110011011
0000000110011100 1 110011100 0000000110011100
0000000110011101 1 110011101 0000000110011101
0000000110011110 1 110011110 0000000110011110
0000000110011111 1 110011111 0000000110011111
0000000110100000 1 110100000 0000000110100000
0000000110100001 1 110100001 0000000110100001
0000000110100010 1 110100010 0000000110100010
0000000110100011 1 110100011 0000000110100011
0000000110100100 1 110100100 0000000110100100
0000000110100101 1 110100101 0000000110100101
0000000110100110 1 110100110 0000000110100110
0000000110100111 1 110100111 0000000110100111
0000000110101000 1 110101000 0000000110101000
0000000110101001 1 110101001 0000000110101001
0000000110101010 1 110101010 0000000110101010
0000000110101011 1 110101011 0000000110101011
0000000110101100 1 110101100 0000000110101100
0000000110101101 1 110101101 0000000110101101
0000000110101110 1 110101110 0000000110101110
0000000110101111 1 110101111 0000000110101111
0000000110110000 1 110110000 0000000110110000
0000000110110001 1 110110001 0000000110110001
0000000110110010 1 110110010 0000000110110010
0000000110110011 1 110110011 0000000110110011
0000000110110100 1 110110100 0000000110110100
0000000110110101 1 110110101 0000000110110101
0000000110110110 1 110110110 0000000110110110
0000000110110111 1 110110111 0000000110110111
0000000110111000 1 110111000 0000000110111000
0000000110111001 1 110111001 0000000110111001
0000000110111010 1 110111010 0000000110111010
0000000110111011 1 110111011 0000000110111011
0000000110111100 1 110111100 0000000110111100
0000000110111101 1 110111101 0000000110111101
0000000110111110 1 110111110 0000000110111110
0000000110111111 1 110111111 0000000110111111
0000000111000000 1 111000000 0000000111000000
0000000111000001 1 111000001 0000000111000001
0000000111000010 1 111000010 0000000111000010
0000000111000011 1 111000011 0000000111000011
0000000111000100 1 111000100 0000000111000100
0000000111000101 1 111000101 0000000111000101
0000000111000110 1 111000110 0000000111000110
0000000111000111 1 111000111 0000000111000111
0000000111001000 1 111001000 0000000111001000
0000000111001001 1 111001001 0000000111001001
0000000111001010 1 111001010 0000000111001010
0000000111001011 1 111001011 0000000111001011
0000000111001100 1 111001100 0000000111001100
0000000111001101 1 111001101 0000000111001101
0000000111001110 1 111001110 0000000111001110
0000000111001111 1 111001111 0000000111001111
0000000111010000 1 111010000 0000000111010000
0000000111010001 1 111010001 0000000111010001
0000000111010010 1 111010010 0000000111010010
0000000111010011 1 111010011 0000000111010011
0000000111010100 1 111010100 0000000111010100
0000000111010101 1 111010101 0000000111010101
0000000111010110 1 111010110 0000000111010110
0000000111010111 1 111010111 0000000111010111
0000000111011000 1 111011000 0000000111011000
0000000111011001 1 111011001 0000000111011001
0000000111011010 1 111011010 0000000111011010
0000000111011011 1 111011011 0000000111011011
0000000111011100 1 111011100 0000000111011100
0000000111011101 1 111011101 0000000111011101
0000000111011110 1 111011110 0000000111011110
0000000111011111 1 111011111 0000000111011111
0000000111100000 1 111100000 0000000111100000
0000000111100001 1 111100001 0000000111100001
0000000111100010 1 111100010 0000000111100010
0000000111100011 1 111100011 0000000111100011
0000000111100100 1 111100100 0000000111100100
0000000111100101 1 111100101 0000000111100101
0000000111100110 1 111100110 0000000111100110
0000000111100111 1 111100111 0000000111100111
0000000111101000 1 111101000 0000000111101000
0000000111101001 1 111101001 0000000111101001
0000000111101010 1 111101010 0000000111101010
0000000111101011 1 111101011 0000000111101011
0000000111101100 1 111101100 0000000111101100
0000000111101101 1 111101101 0000000111101101
0000000111101110 1 111101110 0000000111101110
0000000111101111 1 111101111 0000000111101111
0000000111110000 1 111110000 0000000111110000
0000000111110001 1 111110001 0000000111110001
0000000111110010 1 111110010 0000000111110010
0000000111110011 1 111110011 0000000111110011
0000000111110100 1 111110100 0000000111110100
0000000111110101 1 111110101 0000000111110101
0000000111110110 1 111110110 0000000111110110
0000000111110111 1 111110111 0000000111110111
0000000111111000 1 111111000 0000000111111000
0000000111111001 1 111111001 0000000111111001
0000000111111010 1 111111010 0000000111111010
0000000111111011 1 111111011 0000000111111011
0000000111111100 1 111111100 0000000111111100
0000000111111101 1 111111101 0000000111111101
0000000111111110 1 111111110 0000000111111110
0000000111111111 1 111111111 0000000111111111
