0000000000000000 0 000 xxxxxxxxxxxxxxxx
0000000000000000 1 000 xxxxxxxxxxxxxxxx
0010101101100111 0 000 0000000000000000
0010101101100111 1 001 xxxxxxxxxxxxxxxx
0010101101100111 0 000 0000000000000000
0000110100000101 0 011 xxxxxxxxxxxxxxxx
0000110100000101 1 011 xxxxxxxxxxxxxxxx
0000110100000101 0 011 0000110100000101
0000110100000101 0 001 0010101101100111
0001111001100001 0 001 0010101101100111
0001111001100001 1 001 0010101101100111
0001111001100001 1 111 xxxxxxxxxxxxxxxx
0001111001100001 0 111 0001111001100001
0001111001100001 0 011 0000110100000101
0001111001100001 0 111 0001111001100001
0001111001100001 0 000 0000000000000000
0001111001100001 0 001 0001111001100001
0001111001100001 0 010 xxxxxxxxxxxxxxxx
0001111001100001 0 011 0000110100000101
0001111001100001 0 100 xxxxxxxxxxxxxxxx
0001111001100001 0 101 xxxxxxxxxxxxxxxx
0001111001100001 0 110 xxxxxxxxxxxxxxxx
0001111001100001 0 111 0001111001100001
0101010101010101 1 000 0000000000000000
0101010101010101 1 001 0001111001100001
0101010101010101 1 010 xxxxxxxxxxxxxxxx
0101010101010101 1 011 0000110100000101
0101010101010101 1 100 xxxxxxxxxxxxxxxx
0101010101010101 1 101 xxxxxxxxxxxxxxxx
0101010101010101 1 110 xxxxxxxxxxxxxxxx
0101010101010101 1 111 0001111001100001
0101010101010101 0 000 0101010101010101
0101010101010101 0 001 0101010101010101
0101010101010101 0 010 0101010101010101
0101010101010101 0 011 0101010101010101
0101010101010101 0 100 0101010101010101
0101010101010101 0 101 0101010101010101
0101010101010101 0 110 0101010101010101
0101010101010101 0 111 0101010101010101
1010101010101010 1 000 0101010101010101
1010101010101010 0 000 1010101010101010
1010101010101010 0 001 0101010101010101
1010101010101010 0 010 0101010101010101
1010101010101010 0 011 0101010101010101
1010101010101010 0 100 0101010101010101
1010101010101010 0 101 0101010101010101
1010101010101010 0 110 0101010101010101
1010101010101010 0 111 0101010101010101
0101010101010101 1 000 1010101010101010
1010101010101010 1 001 0101010101010101
1010101010101010 0 000 0101010101010101
1010101010101010 0 001 1010101010101010
1010101010101010 0 010 0101010101010101
1010101010101010 0 011 0101010101010101
1010101010101010 0 100 0101010101010101
1010101010101010 0 101 0101010101010101
1010101010101010 0 110 0101010101010101
1010101010101010 0 111 0101010101010101
0101010101010101 1 001 1010101010101010
1010101010101010 1 010 0101010101010101
1010101010101010 0 000 0101010101010101
1010101010101010 0 001 0101010101010101
1010101010101010 0 010 1010101010101010
1010101010101010 0 011 0101010101010101
1010101010101010 0 100 0101010101010101
1010101010101010 0 101 0101010101010101
1010101010101010 0 110 0101010101010101
1010101010101010 0 111 0101010101010101
0101010101010101 1 010 1010101010101010
1010101010101010 1 011 0101010101010101
1010101010101010 0 000 0101010101010101
1010101010101010 0 001 0101010101010101
1010101010101010 0 010 0101010101010101
1010101010101010 0 011 1010101010101010
1010101010101010 0 100 0101010101010101
1010101010101010 0 101 0101010101010101
1010101010101010 0 110 0101010101010101
1010101010101010 0 111 0101010101010101
1010101010101010 0 111 0101010101010101
0101010101010101 1 011 1010101010101010
1010101010101010 1 100 0101010101010101
1010101010101010 0 000 0101010101010101
1010101010101010 0 001 0101010101010101
1010101010101010 0 010 0101010101010101
1010101010101010 0 011 0101010101010101
1010101010101010 0 100 1010101010101010
1010101010101010 0 101 0101010101010101
1010101010101010 0 110 0101010101010101
1010101010101010 0 111 0101010101010101
0101010101010101 1 100 1010101010101010
1010101010101010 1 101 0101010101010101
1010101010101010 0 000 0101010101010101
1010101010101010 0 001 0101010101010101
1010101010101010 0 010 0101010101010101
1010101010101010 0 011 0101010101010101
1010101010101010 0 100 0101010101010101
1010101010101010 0 101 1010101010101010
1010101010101010 0 110 0101010101010101
1010101010101010 0 111 0101010101010101
0101010101010101 1 101 1010101010101010
1010101010101010 1 110 0101010101010101
1010101010101010 0 000 0101010101010101
1010101010101010 0 001 0101010101010101
1010101010101010 0 010 0101010101010101
1010101010101010 0 011 0101010101010101
1010101010101010 0 100 0101010101010101
1010101010101010 0 101 0101010101010101
1010101010101010 0 110 1010101010101010
1010101010101010 0 111 0101010101010101
0101010101010101 1 110 1010101010101010
1010101010101010 1 111 0101010101010101
1010101010101010 0 000 0101010101010101
1010101010101010 0 001 0101010101010101
1010101010101010 0 010 0101010101010101
1010101010101010 0 011 0101010101010101
1010101010101010 0 100 0101010101010101
1010101010101010 0 101 0101010101010101
1010101010101010 0 110 0101010101010101
1010101010101010 0 111 1010101010101010
0101010101010101 1 111 1010101010101010
0101010101010101 0 000 0101010101010101
0101010101010101 0 001 0101010101010101
0101010101010101 0 010 0101010101010101
0101010101010101 0 011 0101010101010101
0101010101010101 0 100 0101010101010101
0101010101010101 0 101 0101010101010101
0101010101010101 0 110 0101010101010101
