0000000000000000 0 000000 xxxxxxxxxxxxxxxx
0000000000000000 1 000000 xxxxxxxxxxxxxxxx
0000010100100001 0 000000 0000000000000000
0000010100100001 1 001101 xxxxxxxxxxxxxxxx
0000010100100001 0 000000 0000000000000000
0001001010001011 0 101111 xxxxxxxxxxxxxxxx
0001001010001011 1 101111 xxxxxxxxxxxxxxxx
0001001010001011 0 101111 0001001010001011
0001001010001011 0 001101 0000010100100001
0001100011011011 0 001101 0000010100100001
0001100011011011 1 111111 xxxxxxxxxxxxxxxx
0001100011011011 0 111111 0001100011011011
0001100011011011 0 101111 0001001010001011
0001100011011011 0 111111 0001100011011011
0001100011011011 0 101000 xxxxxxxxxxxxxxxx
0001100011011011 0 101001 xxxxxxxxxxxxxxxx
0001100011011011 0 101010 xxxxxxxxxxxxxxxx
0001100011011011 0 101011 xxxxxxxxxxxxxxxx
0001100011011011 0 101100 xxxxxxxxxxxxxxxx
0001100011011011 0 101101 xxxxxxxxxxxxxxxx
0001100011011011 0 101110 xxxxxxxxxxxxxxxx
0001100011011011 0 101111 0001001010001011
0101010101010101 1 101000 xxxxxxxxxxxxxxxx
0101010101010101 1 101001 xxxxxxxxxxxxxxxx
0101010101010101 1 101010 xxxxxxxxxxxxxxxx
0101010101010101 1 101011 xxxxxxxxxxxxxxxx
0101010101010101 1 101100 xxxxxxxxxxxxxxxx
0101010101010101 1 101101 xxxxxxxxxxxxxxxx
0101010101010101 1 101110 xxxxxxxxxxxxxxxx
0101010101010101 1 101111 0001001010001011
0101010101010101 0 101000 0101010101010101
0101010101010101 0 101001 0101010101010101
0101010101010101 0 101010 0101010101010101
0101010101010101 0 101011 0101010101010101
0101010101010101 0 101100 0101010101010101
0101010101010101 0 101101 0101010101010101
0101010101010101 0 101110 0101010101010101
0101010101010101 0 101111 0101010101010101
1010101010101010 1 101000 0101010101010101
1010101010101010 0 101000 1010101010101010
1010101010101010 0 101001 0101010101010101
1010101010101010 0 101010 0101010101010101
1010101010101010 0 101011 0101010101010101
1010101010101010 0 101100 0101010101010101
1010101010101010 0 101101 0101010101010101
1010101010101010 0 101110 0101010101010101
1010101010101010 0 101111 0101010101010101
0101010101010101 1 101000 1010101010101010
1010101010101010 1 101001 0101010101010101
1010101010101010 0 101000 0101010101010101
1010101010101010 0 101001 1010101010101010
1010101010101010 0 101010 0101010101010101
1010101010101010 0 101011 0101010101010101
1010101010101010 0 101100 0101010101010101
1010101010101010 0 101101 0101010101010101
1010101010101010 0 101110 0101010101010101
1010101010101010 0 101111 0101010101010101
0101010101010101 1 101001 1010101010101010
1010101010101010 1 101010 0101010101010101
1010101010101010 0 101000 0101010101010101
1010101010101010 0 101001 0101010101010101
1010101010101010 0 101010 1010101010101010
1010101010101010 0 101011 0101010101010101
1010101010101010 0 101100 0101010101010101
1010101010101010 0 101101 0101010101010101
1010101010101010 0 101110 0101010101010101
1010101010101010 0 101111 0101010101010101
0101010101010101 1 101010 1010101010101010
1010101010101010 1 101011 0101010101010101
1010101010101010 0 101000 0101010101010101
1010101010101010 0 101001 0101010101010101
1010101010101010 0 101010 0101010101010101
1010101010101010 0 101011 1010101010101010
1010101010101010 0 101100 0101010101010101
1010101010101010 0 101101 0101010101010101
1010101010101010 0 101110 0101010101010101
1010101010101010 0 101111 0101010101010101
0101010101010101 1 101011 1010101010101010
1010101010101010 1 101100 0101010101010101
1010101010101010 0 101000 0101010101010101
1010101010101010 0 101001 0101010101010101
1010101010101010 0 101010 0101010101010101
1010101010101010 0 101011 0101010101010101
1010101010101010 0 101100 1010101010101010
1010101010101010 0 101101 0101010101010101
1010101010101010 0 101110 0101010101010101
1010101010101010 0 101111 0101010101010101
0101010101010101 1 101100 1010101010101010
1010101010101010 1 101101 0101010101010101
1010101010101010 0 101000 0101010101010101
1010101010101010 0 101001 0101010101010101
1010101010101010 0 101010 0101010101010101
1010101010101010 0 101011 0101010101010101
1010101010101010 0 101100 0101010101010101
1010101010101010 0 101101 1010101010101010
1010101010101010 0 101110 0101010101010101
1010101010101010 0 101111 0101010101010101
0101010101010101 1 101101 1010101010101010
1010101010101010 1 101110 0101010101010101
1010101010101010 0 101000 0101010101010101
1010101010101010 0 101001 0101010101010101
1010101010101010 0 101010 0101010101010101
1010101010101010 0 101011 0101010101010101
1010101010101010 0 101100 0101010101010101
1010101010101010 0 101101 0101010101010101
1010101010101010 0 101110 1010101010101010
1010101010101010 0 101111 0101010101010101
0101010101010101 1 101110 1010101010101010
1010101010101010 1 101111 0101010101010101
1010101010101010 0 101000 0101010101010101
1010101010101010 0 101001 0101010101010101
1010101010101010 0 101010 0101010101010101
1010101010101010 0 101011 0101010101010101
1010101010101010 0 101100 0101010101010101
1010101010101010 0 101101 0101010101010101
1010101010101010 0 101110 0101010101010101
1010101010101010 0 101111 1010101010101010
0101010101010101 1 101111 1010101010101010
0101010101010101 0 101000 0101010101010101
0101010101010101 0 101001 0101010101010101
0101010101010101 0 101010 0101010101010101
0101010101010101 0 101011 0101010101010101
0101010101010101 0 101100 0101010101010101
0101010101010101 0 101101 0101010101010101
0101010101010101 0 101110 0101010101010101
0101010101010101 0 101111 0101010101010101
0101010101010101 0 000101 xxxxxxxxxxxxxxxx
0101010101010101 0 001101 0000010100100001
0101010101010101 0 010101 xxxxxxxxxxxxxxxx
0101010101010101 0 011101 xxxxxxxxxxxxxxxx
0101010101010101 0 100101 xxxxxxxxxxxxxxxx
0101010101010101 0 101101 0101010101010101
0101010101010101 0 110101 xxxxxxxxxxxxxxxx
0101010101010101 0 111101 xxxxxxxxxxxxxxxx
0101010101010101 1 000101 xxxxxxxxxxxxxxxx
0101010101010101 1 001101 0000010100100001
0101010101010101 1 010101 xxxxxxxxxxxxxxxx
0101010101010101 1 011101 xxxxxxxxxxxxxxxx
0101010101010101 1 100101 xxxxxxxxxxxxxxxx
0101010101010101 1 101101 0101010101010101
0101010101010101 1 110101 xxxxxxxxxxxxxxxx
0101010101010101 1 111101 xxxxxxxxxxxxxxxx
0101010101010101 0 000101 0101010101010101
0101010101010101 0 001101 0101010101010101
0101010101010101 0 010101 0101010101010101
0101010101010101 0 011101 0101010101010101
0101010101010101 0 100101 0101010101010101
0101010101010101 0 101101 0101010101010101
0101010101010101 0 110101 0101010101010101
0101010101010101 0 111101 0101010101010101
1010101010101010 1 000101 0101010101010101
1010101010101010 0 000101 1010101010101010
1010101010101010 0 001101 0101010101010101
1010101010101010 0 010101 0101010101010101
1010101010101010 0 011101 0101010101010101
1010101010101010 0 100101 0101010101010101
1010101010101010 0 101101 0101010101010101
1010101010101010 0 110101 0101010101010101
1010101010101010 0 111101 0101010101010101
0101010101010101 1 000101 1010101010101010
1010101010101010 1 001101 0101010101010101
1010101010101010 0 000101 0101010101010101
1010101010101010 0 001101 1010101010101010
1010101010101010 0 010101 0101010101010101
1010101010101010 0 011101 0101010101010101
1010101010101010 0 100101 0101010101010101
1010101010101010 0 101101 0101010101010101
1010101010101010 0 110101 0101010101010101
1010101010101010 0 111101 0101010101010101
0101010101010101 1 001101 1010101010101010
1010101010101010 1 010101 0101010101010101
1010101010101010 0 000101 0101010101010101
1010101010101010 0 001101 0101010101010101
1010101010101010 0 010101 1010101010101010
1010101010101010 0 011101 0101010101010101
1010101010101010 0 100101 0101010101010101
1010101010101010 0 101101 0101010101010101
1010101010101010 0 110101 0101010101010101
1010101010101010 0 111101 0101010101010101
0101010101010101 1 010101 1010101010101010
1010101010101010 1 011101 0101010101010101
1010101010101010 0 000101 0101010101010101
1010101010101010 0 001101 0101010101010101
1010101010101010 0 010101 0101010101010101
1010101010101010 0 011101 1010101010101010
1010101010101010 0 100101 0101010101010101
1010101010101010 0 101101 0101010101010101
1010101010101010 0 110101 0101010101010101
1010101010101010 0 111101 0101010101010101
0101010101010101 1 011101 1010101010101010
1010101010101010 1 100101 0101010101010101
1010101010101010 0 000101 0101010101010101
1010101010101010 0 001101 0101010101010101
1010101010101010 0 010101 0101010101010101
1010101010101010 0 011101 0101010101010101
1010101010101010 0 100101 1010101010101010
1010101010101010 0 101101 0101010101010101
1010101010101010 0 110101 0101010101010101
1010101010101010 0 111101 0101010101010101
0101010101010101 1 100101 1010101010101010
1010101010101010 1 101101 0101010101010101
1010101010101010 0 000101 0101010101010101
1010101010101010 0 001101 0101010101010101
1010101010101010 0 010101 0101010101010101
1010101010101010 0 011101 0101010101010101
1010101010101010 0 100101 0101010101010101
1010101010101010 0 101101 1010101010101010
1010101010101010 0 110101 0101010101010101
1010101010101010 0 111101 0101010101010101
0101010101010101 1 101101 1010101010101010
1010101010101010 1 110101 0101010101010101
1010101010101010 0 000101 0101010101010101
1010101010101010 0 001101 0101010101010101
1010101010101010 0 010101 0101010101010101
1010101010101010 0 011101 0101010101010101
1010101010101010 0 100101 0101010101010101
1010101010101010 0 101101 0101010101010101
1010101010101010 0 110101 1010101010101010
1010101010101010 0 111101 0101010101010101
0101010101010101 1 110101 1010101010101010
1010101010101010 1 111101 0101010101010101
1010101010101010 0 000101 0101010101010101
1010101010101010 0 001101 0101010101010101
1010101010101010 0 010101 0101010101010101
1010101010101010 0 011101 0101010101010101
1010101010101010 0 100101 0101010101010101
1010101010101010 0 101101 0101010101010101
1010101010101010 0 110101 0101010101010101
1010101010101010 0 111101 1010101010101010
0101010101010101 1 111101 1010101010101010
0101010101010101 0 000101 0101010101010101
0101010101010101 0 001101 0101010101010101
0101010101010101 0 010101 0101010101010101
0101010101010101 0 011101 0101010101010101
0101010101010101 0 100101 0101010101010101
0101010101010101 0 101101 0101010101010101
0101010101010101 0 110101 0101010101010101
0101010101010101 0 111101 0101010101010101
