0000000000000000 0 000 xxxxxxxxxxxxxxxx
0000000000000000 1 000 xxxxxxxxxxxxxxxx
0000000000000000 0 000 0000000000000000
0000000000000001 0 001 xxxxxxxxxxxxxxxx
0000000000000001 1 001 xxxxxxxxxxxxxxxx
0000000000000001 0 001 0000000000000001
0000000000000010 0 010 xxxxxxxxxxxxxxxx
0000000000000010 1 010 xxxxxxxxxxxxxxxx
0000000000000010 0 010 0000000000000010
0000000000000011 0 011 xxxxxxxxxxxxxxxx
0000000000000011 1 011 xxxxxxxxxxxxxxxx
0000000000000011 0 011 0000000000000011
0000000000000100 0 100 xxxxxxxxxxxxxxxx
0000000000000100 1 100 xxxxxxxxxxxxxxxx
0000000000000100 0 100 0000000000000100
0000000000000101 0 101 xxxxxxxxxxxxxxxx
0000000000000101 1 101 xxxxxxxxxxxxxxxx
0000000000000101 0 101 0000000000000101
0000000000000110 0 110 xxxxxxxxxxxxxxxx
0000000000000110 1 110 xxxxxxxxxxxxxxxx
0000000000000110 0 110 0000000000000110
0000000000000111 0 111 xxxxxxxxxxxxxxxx
0000000000000111 1 111 xxxxxxxxxxxxxxxx
0000000000000111 0 111 0000000000000111
0000000000000000 1 000 0000000000000000
0000000000000001 1 001 0000000000000001
0000000000000010 1 010 0000000000000010
0000000000000011 1 011 0000000000000011
0000000000000100 1 100 0000000000000100
0000000000000101 1 101 0000000000000101
0000000000000110 1 110 0000000000000110
0000000000000111 1 111 0000000000000111
