0000000000000000 0 xxxxxxxxxxxxxxxx
0000000000000000 1 xxxxxxxxxxxxxxxx
1000001010000101 0 0000000000000000
0010101101100111 0 0000000000000000
1000001010000101 1 0000000000000000
1000001010000101 1 1000001010000101
1000001010000101 0 1000001010000101
0011000000111001 1 1000001010000101
0000000000000000 0 0011000000111001
0000000000000000 1 0011000000111001
0000000000000001 0 0000000000000000
0000000000000001 1 0000000000000000
0000000000000010 0 0000000000000001
0000000000000010 1 0000000000000001
0000000000000100 0 0000000000000010
0000000000000100 1 0000000000000010
0000000000001000 0 0000000000000100
0000000000001000 1 0000000000000100
0000000000010000 0 0000000000001000
0000000000010000 1 0000000000001000
0000000000100000 0 0000000000010000
0000000000100000 1 0000000000010000
0000000001000000 0 0000000000100000
0000000001000000 1 0000000000100000
0000000010000000 0 0000000001000000
0000000010000000 1 0000000001000000
0000000100000000 0 0000000010000000
0000000100000000 1 0000000010000000
0000001000000000 0 0000000100000000
0000001000000000 1 0000000100000000
0000010000000000 0 0000001000000000
0000010000000000 1 0000001000000000
0000100000000000 0 0000010000000000
0000100000000000 1 0000010000000000
0001000000000000 0 0000100000000000
0001000000000000 1 0000100000000000
0010000000000000 0 0001000000000000
0010000000000000 1 0001000000000000
0100000000000000 0 0010000000000000
0100000000000000 1 0010000000000000
1000000000000000 0 0100000000000000
1000000000000000 1 0100000000000000
1111111111111110 0 1000000000000000
1111111111111110 1 1000000000000000
1111111111111101 0 1111111111111110
1111111111111101 1 1111111111111110
1111111111111011 0 1111111111111101
1111111111111011 1 1111111111111101
1111111111110111 0 1111111111111011
1111111111110111 1 1111111111111011
1111111111101111 0 1111111111110111
1111111111101111 1 1111111111110111
1111111111011111 0 1111111111101111
1111111111011111 1 1111111111101111
1111111110111111 0 1111111111011111
1111111110111111 1 1111111111011111
1111111101111111 0 1111111110111111
1111111101111111 1 1111111110111111
1111111011111111 0 1111111101111111
1111111011111111 1 1111111101111111
1111110111111111 0 1111111011111111
1111110111111111 1 1111111011111111
1111101111111111 0 1111110111111111
1111101111111111 1 1111110111111111
1111011111111111 0 1111101111111111
1111011111111111 1 1111101111111111
1110111111111111 0 1111011111111111
1110111111111111 1 1111011111111111
1101111111111111 0 1110111111111111
1101111111111111 1 1110111111111111
1011111111111111 0 1101111111111111
1011111111111111 1 1101111111111111
0111111111111111 0 1011111111111111
0111111111111111 1 1011111111111111
